100 0.00003099999958067201
101 0.00002999999924213625
102 0.00002700000004551839
103 0.00002700000004551839
104 0.00002900000072258990
105 0.00002800000038405415
106 0.00002999999924213625
107 0.00002800000038405415
108 0.00002900000072258990
109 0.00002999999924213625
110 0.00002999999924213625
111 0.00003099999958067201
112 0.00003099999958067201
113 0.00003300000025774352
114 0.00003300000025774352
115 0.00003199999991920777
116 0.00003500000093481503
117 0.00004300000000512227
118 0.00003799999831244349
119 0.00003600000127335079
120 0.00004400000034365803
121 0.00003700000161188655
122 0.00003500000093481503
123 0.00003700000161188655
124 0.00003600000127335079
125 0.00003799999831244349
126 0.00003799999831244349
127 0.00003799999831244349
128 0.00003899999865097925
129 0.00003899999865097925
130 0.00004099999932805076
131 0.00003999999898951501
132 0.00004199999966658652
133 0.00004099999932805076
134 0.00004300000000512227
135 0.00004400000034365803
136 0.00004400000034365803
137 0.00004600000102072954
138 0.00004500000068219379
139 0.00004600000102072954
140 0.00004600000102072954
141 0.00004800000169780105
142 0.00004899999839835800
143 0.00004999999873689376
144 0.00004999999873689376
145 0.00005099999907542951
146 0.00005099999907542951
147 0.00005099999907542951
148 0.00005299999975250103
149 0.00005299999975250103
150 0.00005299999975250103
151 0.00005700000110664405
152 0.00005600000076810829
153 0.00005800000144517981
154 0.00005700000110664405
155 0.00005800000144517981
156 0.00005999999848427251
157 0.00005999999848427251
158 0.00006099999882280827
159 0.00006199999916134402
160 0.00006099999882280827
161 0.00006299999949987978
162 0.00006299999949987978
163 0.00006500000017695129
164 0.00006500000017695129
165 0.00006600000051548705
166 0.00006700000085402280
167 0.00006700000085402280
168 0.00006800000119255856
169 0.00006800000119255856
170 0.00006900000153109431
171 0.00007999999797903001
172 0.00007599999662488699
173 0.00007899999764049426
174 0.00007200000254670158
175 0.00007300000288523734
176 0.00007300000288523734
177 0.00007400000322377309
178 0.00007500000356230885
179 0.00007500000356230885
180 0.00007500000356230885
181 0.00007699999696342275
182 0.00007599999662488699
183 0.00007999999797903001
184 0.00007799999730195850
185 0.00007899999764049426
186 0.00008199999865610152
187 0.00008199999865610152
188 0.00009699999645818025
189 0.00008299999899463728
190 0.00008399999933317304
191 0.00008700000034878030
192 0.00008499999967170879
193 0.00008700000034878030
194 0.00008700000034878030
195 0.00008800000068731606
196 0.00008900000102585182
197 0.00008800000068731606
198 0.00009200000204145908
199 0.00009100000170292333
200 0.00009699999645818025
201 0.00009400000271853060
202 0.00009500000305706635
203 0.00009400000271853060
204 0.00009600000339560211
205 0.00009699999645818025
206 0.00009699999645818025
207 0.00009999999747378752
208 0.00009999999747378752
209 0.00010199999815085903
210 0.00010199999815085903
211 0.00010299999848939478
212 0.00010399999882793054
213 0.00010599999950500205
214 0.00010699999984353781
215 0.00011000000085914508
216 0.00011000000085914508
217 0.00011100000119768083
218 0.00011100000119768083
219 0.00011300000187475234
220 0.00011400000221328810
221 0.00011700000322889537
222 0.00011500000255182385
223 0.00011800000356743112
224 0.00011800000356743112
225 0.00011800000356743112
226 0.00012300000526010990
227 0.00012199999764561653
228 0.00012199999764561653
229 0.00012399999832268804
230 0.00012599999899975955
231 0.00012700000661425292
232 0.00012899999273940921
233 0.00013000000035390258
234 0.00013200000103097409
235 0.00013400000170804560
236 0.00013400000170804560
237 0.00013499999477062374
238 0.00013499999477062374
239 0.00013600000238511711
240 0.00015399999392684549
241 0.00015199999324977398
242 0.00015300000086426735
243 0.00015100000018719584
244 0.00015199999324977398
245 0.00016399999731220305
246 0.00015300000086426735
247 0.00015799999528098851
248 0.00015599999460391700
249 0.00015999999595806003
250 0.00015999999595806003
251 0.00016100000357255340
252 0.00016300000424962491
253 0.00016500000492669642
254 0.00016599999798927456
255 0.00016700000560376793
256 0.00016700000560376793
257 0.00016799999866634607
258 0.00017100000695791095
259 0.00017200000002048910
260 0.00017100000695791095
261 0.00017800000205170363
262 0.00017499999376013875
263 0.00017600000137463212
264 0.00017499999376013875
265 0.00016500000492669642
266 0.00018299999646842480
267 0.00017800000205170363
268 0.00016999999934341758
269 0.00017200000002048910
270 0.00017299999308306724
271 0.00017299999308306724
272 0.00016300000424962491
273 0.00015399999392684549
274 0.00015399999392684549
275 0.00017100000695791095
276 0.00018099999579135329
277 0.00018000000272877514
278 0.00018699999782256782
279 0.00018499999714549631
280 0.00020900000527035445
281 0.00019599999359343201
282 0.00019000000611413270
283 0.00020599999697878957
284 0.00019299999985378236
285 0.00019099999917671084
286 0.00020999999833293259
287 0.00021699999342672527
288 0.00021800000104121864
289 0.00021399999968707561
290 0.00021100000594742596
291 0.00021899999410379678
292 0.00023999999393709004
293 0.00021699999342672527
294 0.00022099999478086829
295 0.00022299999545793980
296 0.00022299999545793980
297 0.00022299999545793980
298 0.00022600000374950469
299 0.00022800000442657620
300 0.00022899999748915434
301 0.00022699999681208283
302 0.00021399999968707561
303 0.00021899999410379678
304 0.00021899999410379678
305 0.00023600000713486224
306 0.00025599999935366213
307 0.00024100000155158341
308 0.00024100000155158341
309 0.00024799999664537609
310 0.00022600000374950469
311 0.00022099999478086829
312 0.00022400000307243317
313 0.00023299999884329736
314 0.00023200000578071922
315 0.00023400000645779073
316 0.00023600000713486224
317 0.00023900000087451190
318 0.00024100000155158341
319 0.00024100000155158341
320 0.00024399999529123306
321 0.00024300000222865492
322 0.00024399999529123306
323 0.00024799999664537609
324 0.00024600001052021980
325 0.00024799999664537609
326 0.00025099999038502574
327 0.00022299999545793980
328 0.00022299999545793980
329 0.00022200000239536166
330 0.00022400000307243317
331 0.00022499999613501132
332 0.00022699999681208283
333 0.00022899999748915434
334 0.00023000000510364771
335 0.00023099999816622585
336 0.00023200000578071922
337 0.00023400000645779073
338 0.00023499999952036887
339 0.00023700000019744039
340 0.00023799999326001853
341 0.00023900000087451190
342 0.00024199999461416155
343 0.00024199999461416155
344 0.00024199999461416155
345 0.00024100000155158341
346 0.00024600001052021980
347 0.00024900000425986946
348 0.00024799999664537609
349 0.00025000001187436283
350 0.00025000001187436283
351 0.00025400001322850585
352 0.00025099999038502574
353 0.00029200001154094934
354 0.00031199998920783401
355 0.00032299998565576971
356 0.00029900000663474202
357 0.00029100000392645597
358 0.00029600001289509237
359 0.00026800000341609120
360 0.00028800001018680632
361 0.00030399998649954796
362 0.00030700000934302807
363 0.00031299999682232738
364 0.00031500001205131412
365 0.00031299999682232738
366 0.00031900001340545714
367 0.00031999999191612005
368 0.00034200001391582191
369 0.00031999999191612005
370 0.00032399999327026308
371 0.00029900000663474202
372 0.00029500000528059900
373 0.00032799999462440610
374 0.00032699998700991273
375 0.00033099998836405575
376 0.00035899999784305692
377 0.00033800001256167889
378 0.00033499998971819878
379 0.00033800001256167889
380 0.00036800000816583633
381 0.00034200001391582191
382 0.00034500000765547156
383 0.00034599998616613448
384 0.00030399998649954796
385 0.00030499999411404133
386 0.00030600000172853470
387 0.00031100001069717109
388 0.00030799998785369098
389 0.00033599999733269215
390 0.00032799999462440610
391 0.00031299999682232738
392 0.00031699999817647040
393 0.00032099999953061342
394 0.00038400001358240843
395 0.00032200000714510679
396 0.00034699999378062785
397 0.00032399999327026308
398 0.00032600000849924982
399 0.00032399999327026308
400 0.00033099998836405575
401 0.00033000000985339284
402 0.00034999998752027750
403 0.00036700000055134296
404 0.00033599999733269215
405 0.00036500001442618668
406 0.00041499998769722879
407 0.00039599998854100704
408 0.00039000000106170774
409 0.00039400000241585076
410 0.00039500001003034413
411 0.00039800000376999378
412 0.00040099999750964344
413 0.00040700001409277320
414 0.00040099999750964344
415 0.00040399999124929309
416 0.00041199999395757914
417 0.00041099998634308577
418 0.00041099998634308577
419 0.00041499998769722879
420 0.00038499999209307134
421 0.00038199999835342169
422 0.00036700000055134296
423 0.00036999999429099262
424 0.00036899998667649925
425 0.00037399999564513564
426 0.00037799999699927866
427 0.00037600001087412238
428 0.00037799999699927866
429 0.00038199999835342169
430 0.00038000001222826540
431 0.00038499999209307134
432 0.00038300000596791506
433 0.00038499999209307134
434 0.00038899999344721437
435 0.00039100000867620111
436 0.00039000000106170774
437 0.00041300000157207251
438 0.00040399999124929309
439 0.00039699999615550041
440 0.00044199998956173658
441 0.00043499999446794391
442 0.00040399999124929309
443 0.00042600001324899495
444 0.00042200001189485192
445 0.00041000000783242285
446 0.00046099998871795833
447 0.00041199999395757914
448 0.00041800001054070890
449 0.00047100000665523112
450 0.00047699999413453043
451 0.00042100000428035855
452 0.00042200001189485192
453 0.00051500002155080438
454 0.00043600000208243728
455 0.00042799999937415123
456 0.00043300000834278762
457 0.00050099997315555811
458 0.00049700000090524554
459 0.00049700000090524554
460 0.00049900001613423228
461 0.00050099997315555811
462 0.00050399999599903822
463 0.00050399999599903822
464 0.00052699999650940299
465 0.00051699997857213020
466 0.00045699998736381531
467 0.00044500001240521669
468 0.00050000002374872565
469 0.00045200000749900937
470 0.00045200000749900937
471 0.00045399999362416565
472 0.00045699998736381531
473 0.00046099998871795833
474 0.00054699997417628765
475 0.00046400001156143844
476 0.00051899999380111694
477 0.00053000001935288310
478 0.00052699999650940299
479 0.00056299997959285975
480 0.00054999999701976776
481 0.00053999997908249497
482 0.00054600002476945519
483 0.00054300000192597508
484 0.00054799998179078102
485 0.00054899998940527439
486 0.00054799998179078102
487 0.00054999999701976776
488 0.00051799998618662357
489 0.00052200001664459705
490 0.00048899999819695950
491 0.00049200002104043961
492 0.00049300002865493298
493 0.00049900001613423228
494 0.00049800000851973891
495 0.00049599999329075217
496 0.00054999999701976776
497 0.00050500000361353159
498 0.00052000000141561031
499 0.00058400002308189869
500 0.00058200000785291195
501 0.00058400002308189869
502 0.00058699998771771789
503 0.00058900000294670463
504 0.00059200002579018474
505 0.00057999999262392521
506 0.00054199999431148171
507 0.00057500001275911927
508 0.00053000001935288310
509 0.00052800000412389636
510 0.00053100002696737647
511 0.00058100000023841858
512 0.00053499999921768904
513 0.00053899997146800160
514 0.00053899997146800160
515 0.00061400001868605614
516 0.00056600000243633986
517 0.00054300000192597508
518 0.00054400000954046845
519 0.00057799997739493847
520 0.00056999997468665242
521 0.00055599998449906707
522 0.00055300001986324787
523 0.00055400002747774124
524 0.00055699999211356044
525 0.00055900000734254718
526 0.00061699998332187533
527 0.00056499999482184649
528 0.00056600000243633986
529 0.00056999997468665242
530 0.00057400000514462590
531 0.00057500001275911927
532 0.00057199998991563916
533 0.00057799997739493847
534 0.00061799999093636870
535 0.00061400001868605614
536 0.00059499999042600393
537 0.00059900002088397741
538 0.00058699998771771789
539 0.00067999999737367034
540 0.00058799999533221126
541 0.00065499998163431883
542 0.00067999999737367034
543 0.00067699997453019023
544 0.00068800000008195639
545 0.00068400002783164382
546 0.00064599997131153941
547 0.00060600001597777009
548 0.00060500000836327672
549 0.00060899998061358929
550 0.00061300001107156277
551 0.00060999998822808266
552 0.00061400001868605614
553 0.00061699998332187533
554 0.00061899999855086207
555 0.00064300000667572021
556 0.00062200002139434218
557 0.00062700000125914812
558 0.00063000002410262823
559 0.00063299998873844743
560 0.00063099997350946069
561 0.00064099999144673347
562 0.00068100000498816371
563 0.00063600001158192754
564 0.00063999998383224010
565 0.00073099997825920582
566 0.00064400001429021358
567 0.00065200001699849963
568 0.00065300002461299300
569 0.00065499998163431883
570 0.00065900001209229231
571 0.00065100000938400626
572 0.00066100002732127905
573 0.00067899998975917697
574 0.00066199997672811151
575 0.00066499999957159162
576 0.00066700001480057836
577 0.00067600002512335777
578 0.00069999997504055500
579 0.00069199997233226895
580 0.00071499997284263372
581 0.00072000001091510057
582 0.00068100000498816371
583 0.00068100000498816371
584 0.00068499997723847628
585 0.00068699999246746302
586 0.00075700000161305070
587 0.00069700001040473580
588 0.00069399998756125569
589 0.00076199998147785664
590 0.00069800001801922917
591 0.00070099998265504837
592 0.00070500001311302185
593 0.00070500001311302185
594 0.00070999999297782779
595 0.00071300001582130790
596 0.00070899998536333442
597 0.00071400002343580127
598 0.00071699998807162046
599 0.00072100001852959394
600 0.00072399998316541314
601 0.00073000002885237336
602 0.00075399997876957059
603 0.00077199999941512942
604 0.00073299999348819256
605 0.00075800000922754407
606 0.00076899997657164931
607 0.00075200002174824476
608 0.00073999998858198524
609 0.00079399999231100082
610 0.00077699997927993536
611 0.00078200001735240221
612 0.00079700001515448093
613 0.00075200002174824476
614 0.00075599999399855733
615 0.00076000002445653081
616 0.00076800002716481686
617 0.00080999999772757292
618 0.00076600001193583012
619 0.00076999998418614268
620 0.00082399998791515827
621 0.00077300000702962279
622 0.00080799998249858618
623 0.00077599997166544199
624 0.00078300002496689558
625 0.00078800000483170152
626 0.00078599998960271478
627 0.00079800002276897430
628 0.00080300000263378024
629 0.00079399999231100082
630 0.00085399998351931572
631 0.00079899997217580676
632 0.00079800002276897430
633 0.00087200000416487455
634 0.00089500000467523932
635 0.00080699997488409281
636 0.00081200001295655966
637 0.00087899999925866723
638 0.00087599997641518712
639 0.00087599997641518712
640 0.00097200000891461968
641 0.00094699999317526817
642 0.00094300002092495561
643 0.00094400002853944898
644 0.00088299997150897980
645 0.00083199999062344432
646 0.00083299999823793769
647 0.00083500001346692443
648 0.00086299999384209514
649 0.00085999997099861503
650 0.00097799999639391899
651 0.00087699998402968049
652 0.00088299997150897980
653 0.00085299997590482235
654 0.00085900002159178257
655 0.00088800000958144665
656 0.00086199998622760177
657 0.00085900002159178257
658 0.00086500000907108188
659 0.00086899998132139444
660 0.00089999998454004526
661 0.00089199998183175921
662 0.00087099999655038118
663 0.00090300000738352537
664 0.00087799999164417386
665 0.00088000000687316060
666 0.00088700000196695328
667 0.00092000002041459084
668 0.00092000002041459084
669 0.00094699999317526817
670 0.00089700001990422606
671 0.00103399995714426041
672 0.00106999999843537807
673 0.00103499996475875378
674 0.00103199994191527367
675 0.00104200001806020737
676 0.00104500004090368748
677 0.00095499999588355422
678 0.00092299998505041003
679 0.00094699999317526817
680 0.00092600000789389014
681 0.00092600000789389014
682 0.00092800002312287688
683 0.00093099998775869608
684 0.00093300000298768282
685 0.00106499996036291122
686 0.00107100000604987144
687 0.00109499995596706867
688 0.00108600000385195017
689 0.00100100005511194468
690 0.00095000001601874828
691 0.00097200000891461968
692 0.00095299998065456748
693 0.00095900002634152770
694 0.00098799995612353086
695 0.00096700002904981375
696 0.00096299999859184027
697 0.00099099997896701097
698 0.00097300001652911305
699 0.00103399995714426041
700 0.00097900000400841236
701 0.00098300003446638584
702 0.00109300005715340376
703 0.00106599996797740459
704 0.00106599996797740459
705 0.00101500004529953003
706 0.00113800005055963993
707 0.00113400002010166645
708 0.00112999998964369297
709 0.00100399996154010296
710 0.00100899999961256981
711 0.00101100001484155655
712 0.00101600005291402340
713 0.00101400003768503666
714 0.00101500004529953003
715 0.00102099997457116842
716 0.00102199998218566179
717 0.00111299997661262751
718 0.00110600003972649574
719 0.00116800004616379738
720 0.00117599999066442251
721 0.00121200003195554018
722 0.00106299994513392448
723 0.00119600002653896809
724 0.00125099997967481613
725 0.00124799995683133602
726 0.00127699994482100010
727 0.00124899996444582939
728 0.00124300003517419100
729 0.00121599994599819183
730 0.00121300003957003355
731 0.00121699995361268520
732 0.00124500005040317774
733 0.00127000000793486834
734 0.00123199995141476393
735 0.00123000005260109901
736 0.00118799996562302113
737 0.00108299998100847006
738 0.00111399998422712088
739 0.00108399998862296343
740 0.00108700001146644354
741 0.00109499995596706867
742 0.00117800000589340925
743 0.00109899998642504215
744 0.00110300001688301563
745 0.00110800005495548248
746 0.00116600003093481064
747 0.00111599999945610762
748 0.00120000005699694157
749 0.00111700000707060099
750 0.00115100003313273191
751 0.00112399994395673275
752 0.00113300001248717308
753 0.00112999998964369297
754 0.00113400002010166645
755 0.00117099995259195566
756 0.00113600003533065319
757 0.00114099995698779821
758 0.00120099994819611311
759 0.00114800001028925180
760 0.00119800004176795483
761 0.00122099998407065868
762 0.00122400000691413879
763 0.00129299995023757219
764 0.00132599996868520975
765 0.00131900003179907799
766 0.00116999994497746229
767 0.00118000002112239599
768 0.00121599994599819183
769 0.00117499998304992914
770 0.00118200003635138273
771 0.00118499994277954102
772 0.00118999998085200787
773 0.00118899997323751450
774 0.00124300003517419100
775 0.00128299999050796032
776 0.00119600002653896809
777 0.00124600005801767111
778 0.00120099994819611311
779 0.00120399997103959322
780 0.00120599998626857996
781 0.00121300003957003355
782 0.00124400004278868437
783 0.00124899996444582939
784 0.00121999997645616531
785 0.00122400000691413879
786 0.00129000004380941391
787 0.00130000000353902578
788 0.00139600003603845835
789 0.00145500001963227987
790 0.00141300004906952381
791 0.00141100003384053707
792 0.00141400005668401718
793 0.00124699994921684265
794 0.00124899996444582939
795 0.00127799995243549347
796 0.00125600001774728298
797 0.00125400000251829624
798 0.00125800003297626972
799 0.00127000000793486834
800 0.00130600004922598600
801 0.00130899995565414429
802 0.00131700001657009125
803 0.00127899996004998684
804 0.00138000003062188625
805 0.00132100004702806473
806 0.00132000003941357136
807 0.00128700002096593380
808 0.00128099997527897358
809 0.00128900003619492054
810 0.00129799998831003904
811 0.00130300002638250589
812 0.00133600004483014345
813 0.00145199999678879976
814 0.00153000000864267349
815 0.00149399996735155582
816 0.00149900000542402267
817 0.00131900003179907799
818 0.00135200005024671555
819 0.00132399995345622301
820 0.00132200005464255810
821 0.00137299997732043266
822 0.00133400002960115671
823 0.00134199997410178185
824 0.00133600004483014345
825 0.00149199995212256908
826 0.00138899998273700476
827 0.00134800001978874207
828 0.00142099999357014894
829 0.00138699996750801802
830 0.00137800001539289951
831 0.00135799997951835394
832 0.00136400002520531416
833 0.00136899994686245918
834 0.00137900002300739288
835 0.00137099996209144592
836 0.00142700003925710917
837 0.00142999994568526745
838 0.00155000004451721907
839 0.00158499996177852154
840 0.00159100000746548176
841 0.00145300000440329313
842 0.00140199996531009674
843 0.00139800005126744509
844 0.00140399998053908348
845 0.00140599999576807022
846 0.00143499998375773430
847 0.00141699996311217546
848 0.00146900000981986523
849 0.00155699998140335083
850 0.00142400001641362906
851 0.00142700003925710917
852 0.00143499998375773430
853 0.00143699999898672104
854 0.00149399996735155582
855 0.00143599999137222767
856 0.00148500001523643732
857 0.00145099998917430639
858 0.00147799996193498373
859 0.00150599994231015444
860 0.00157900003250688314
861 0.00149399996735155582
862 0.00148800003807991743
863 0.00146699999459087849
864 0.00146399997174739838
865 0.00146800000220537186
866 0.00147999997716397047
867 0.00148900004569441080
868 0.00149000005330890417
869 0.00153799995314329863
870 0.00150100002065300941
871 0.00160800002049654722
872 0.00155499996617436409
873 0.00172299996484071016
874 0.00168400001712143421
875 0.00150899996515363455
876 0.00156500004231929779
877 0.00158100004773586988
878 0.00151700002606958151
879 0.00155399995855987072
880 0.00152799999341368675
881 0.00156600004993379116
882 0.00167999998666346073
883 0.00175799999851733446
884 0.00172299996484071016
885 0.00154900003690272570
886 0.00155100005213171244
887 0.00155899999663233757
888 0.00159400003030896187
889 0.00156500004231929779
890 0.00155799998901784420
891 0.00160900002811104059
892 0.00162300001829862595
893 0.00163099996279925108
894 0.00166700000409036875
895 0.00158399995416402817
896 0.00158999999985098839
897 0.00159200001507997513
898 0.00161999999545514584
899 0.00175000005401670933
900 0.00196600006893277168
901 0.00185400003101676702
902 0.00160800002049654722
903 0.00163900002371519804
904 0.00161499995738267899
905 0.00164399994537234306
906 0.00177600001916289330
907 0.00185799994505941868
908 0.00182999996468424797
909 0.00163600000087171793
910 0.00163399998564273119
911 0.00164599996060132980
912 0.00170100003015249968
913 0.00163900002371519804
914 0.00165200000628829002
915 0.00166199996601790190
916 0.00165899994317442179
917 0.00165800005197525024
918 0.00166299997363239527
919 0.00173400004860013723
920 0.00167699996381998062
921 0.00175099994521588087
922 0.00170899997465312481
923 0.00168200000189244747
924 0.00171500002034008503
925 0.00171400001272559166
926 0.00171300000511109829
927 0.00169099995400756598
928 0.00170000002253800631
929 0.00170400005299597979
930 0.00173200003337115049
931 0.00173899997025728226
932 0.00173599994741380215
933 0.00170699995942413807
934 0.00179500004742294550
935 0.00172099994961172342
936 0.00172599998768419027
937 0.00173000001814216375
938 0.00172699999529868364
939 0.00178399996366351843
940 0.00173899997025728226
941 0.00183099997229874134
942 0.00174300000071525574
943 0.00178100005723536015
944 0.00175000005401670933
945 0.00178699998650699854
946 0.00179699994623661041
947 0.00199400004930794239
948 0.00204599997960031033
949 0.00207799999043345451
950 0.00202300003729760647
951 0.00199300004169344902
952 0.00197200011461973190
953 0.00189399998635053635
954 0.00180800002999603748
955 0.00200399989262223244
956 0.00204699998721480370
957 0.00188800005707889795
958 0.00188100000377744436
959 0.00209000008180737495
960 0.00208100001327693462
961 0.00208200002089142799
962 0.00188300001900643110
963 0.00185000000055879354
964 0.00190599996130913496
965 0.00182799994945526123
966 0.00183299998752772808
967 0.00182899995706975460
968 0.00184399995487183332
969 0.00190499995369464159
970 0.00210499996319413185
971 0.00203399988822638988
972 0.00189199997112154961
973 0.00188899994827806950
974 0.00189800001680850983
975 0.00200899993069469929
976 0.00211400003172457218
977 0.00210199994035065174
978 0.00188300001900643110
979 0.00188700004946440458
980 0.00189600000157952309
981 0.00193899997975677252
982 0.00189499999396502972
983 0.00194099999498575926
984 0.00190100003965198994
985 0.00191099999938160181
986 0.00199500005692243576
987 0.00208100001327693462
988 0.00221400009468197823
989 0.00228899996727705002
990 0.00216699996963143349
991 0.00196700007654726505
992 0.00197000009939074516
993 0.00201699999161064625
994 0.00222899997606873512
995 0.00225799996405839920
996 0.00231599994003772736
997 0.00224500009790062904
998 0.00207199994474649429
999 0.00196500006131827831
1000 0.00198299996554851532
1001 0.00198599998839199543
1002 0.00204799999482929707
1003 0.00199700007215142250
1004 0.00204900000244379044
1005 0.00208700005896389484
1006 0.00205700006335973740
1007 0.00203000009059906006
1008 0.00201799999922513962
1009 0.00213399995118379593
1010 0.00227300007827579975
1011 0.00223800004459917545
1012 0.00203899992629885674
1013 0.00203999993391335011
1014 0.00208300002850592136
1015 0.00208600005134940147
1016 0.00208900007419288158
1017 0.00206499989144504070
1018 0.00209899991750717163
1019 0.00210599997080862522
1020 0.00213499995879828930
1021 0.00232800003141164780
1022 0.00236800010316073895
1023 0.00208900007419288158
1024 0.00219599995762109756
1025 0.00211800006218254566
1026 0.00210299994796514511
1027 0.00211000000126659870
1028 0.00211700005456805229
1029 0.00211200001649558544
1030 0.00215300009585916996
1031 0.00215000007301568985
1032 0.00213299994356930256
1033 0.00217300001531839371
1034 0.00218899990431964397
1035 0.00216899998486042023
1036 0.00224799988791346550
1037 0.00216299993917346001
1038 0.00216999999247491360
1039 0.00218000006861984730
1040 0.00219299993477761745
1041 0.00219499995000660419
1042 0.00219499995000660419
1043 0.00224600010551512241
1044 0.00224000005982816219
1045 0.00220400001853704453
1046 0.00220400001853704453
1047 0.00223600002937018871
1048 0.00225799996405839920
1049 0.00222399993799626827
1050 0.00222499994561076164
1051 0.00225799996405839920
1052 0.00225099991075694561
1053 0.00223400001414120197
1054 0.00230600009672343731
1055 0.00227800011634826660
1056 0.00225199991837143898
1057 0.00232299999333918095
1058 0.00226500001735985279
1059 0.00225699995644390583
1060 0.00227700010873377323
1061 0.00227999989874660969
1062 0.00232299999333918095
1063 0.00228199991397559643
1064 0.00230999989435076714
1065 0.00240699993446469307
1066 0.00229900004342198372
1067 0.00233500008471310139
1068 0.00233200006186962128
1069 0.00251100002788007259
1070 0.00264699989929795265
1071 0.00235900003463029861
1072 0.00239400006830692291
1073 0.00233999988995492458
1074 0.00237199990078806877
1075 0.00235900003463029861
1076 0.00236000004224479198
1077 0.00245400005951523781
1078 0.00240899994969367981
1079 0.00236500008031725883
1080 0.00237899995408952236
1081 0.00238499999977648258
1082 0.00247399997897446156
1083 0.00240399991162121296
1084 0.00239600008353590965
1085 0.00266300002112984657
1086 0.00244800001382827759
1087 0.00239100004546344280
1088 0.00240299990400671959
1089 0.00240699993446469307
1090 0.00242200004868209362
1091 0.00266700005158782005
1092 0.00245300005190074444
1093 0.00243399990722537041
1094 0.00247499998658895493
1095 0.00243799993768334389
1096 0.00252399989403784275
1097 0.00244499999098479748
1098 0.00246399990282952785
1099 0.00247499998658895493
1100 0.00248300004750490189
1101 0.00246599991805851460
1102 0.00250800000503659248
1103 0.00251000002026557922
1104 0.00248400005511939526
1105 0.00259599997662007809
1106 0.00255000009201467037
1107 0.00249399989843368530
1108 0.00249899993650615215
1109 0.00255300011485815048
1110 0.00260700006037950516
1111 0.00252399989403784275
1112 0.00252299988642334938
1113 0.00253499997779726982
1114 0.00258300011046230793
1115 0.00255300011485815048
1116 0.00258999993093311787
1117 0.00262899999506771564
1118 0.00261999992653727531
1119 0.00258799991570413113
1120 0.00256399996578693390
1121 0.00256699998863041401
1122 0.00260800006799399853
1123 0.00261499988846480846
1124 0.00259499996900558472
1125 0.00259099993854761124
1126 0.00259799999184906483
1127 0.00265299994498491287
1128 0.00260400003753602505
1129 0.00289499992504715919
1130 0.00277399993501603603
1131 0.00262099993415176868
1132 0.00264400010928511620
1133 0.00264400010928511620
1134 0.00262599997222423553
1135 0.00269600003957748413
1136 0.00292799994349479675
1137 0.00279999990016222000
1138 0.00267799990251660347
1139 0.00265999999828636646
1140 0.00268599996343255043
1141 0.00270799989812076092
1142 0.00274699996225535870
1143 0.00267699989490211010
1144 0.00270500010810792446
1145 0.00274099991656839848
1146 0.00267300009727478027
1147 0.00283099990338087082
1148 0.00275500002317130566
1149 0.00275099999271333218
1150 0.00270500010810792446
1151 0.00273200008086860180
1152 0.00273200008086860180
1153 0.00276600010693073273
1154 0.00278600002638995647
1155 0.00302699999883770943
1156 0.00319599988870322704
1157 0.00317099993117153645
1158 0.00314799998886883259
1159 0.00299800001084804535
1160 0.00304100010544061661
1161 0.00277099991217255592
1162 0.00277999998070299625
1163 0.00275700003840029240
1164 0.00313499988988041878
1165 0.00329199992120265961
1166 0.00299800001084804535
1167 0.00282500009052455425
1168 0.00276999990455806255
1169 0.00282100006006658077
1170 0.00297400006093084812
1171 0.00279200007207691669
1172 0.00283099990338087082
1173 0.00280999997630715370
1174 0.00280199991539120674
1175 0.00280699995346367359
1176 0.00302399997599422932
1177 0.00320299994200468063
1178 0.00282400008291006088
1179 0.00283299991860985756
1180 0.00282700010575354099
1181 0.00292000011540949345
1182 0.00319999991916120052
1183 0.00302499998360872269
1184 0.00285400007851421833
1185 0.00291200005449354649
1186 0.00290900003165006638
1187 0.00302099995315074921
1188 0.00296099996194243431
1189 0.00289799994789063931
1190 0.00298999994993209839
1191 0.00332599994726479053
1192 0.00340200006030499935
1193 0.00322899990715086460
1194 0.00310000008903443813
1195 0.00292999995872378349
1196 0.00297600007615983486
1197 0.00291500007733702660
1198 0.00307899992913007736
1199 0.00295699993148446083
1200 0.00306400004774332047
1201 0.00296499999240040779
1202 0.00306000001728534698
1203 0.00312100001610815525
1204 0.00343200005590915680
1205 0.00324400002136826515
1206 0.00296299997717142105
1207 0.00336600001901388168
1208 0.00304000009782612324
1209 0.00301599991507828236
1210 0.00299099995754659176
1211 0.00302499998360872269
1212 0.00300300004892051220
1213 0.00300300004892051220
1214 0.00315800006501376629
1215 0.00313400011509656906
1216 0.00307599990628659725
1217 0.00300600007176399231
1218 0.00302900001406669617
1219 0.00308699999004602432
1220 0.00313899992033839226
1221 0.00307799992151558399
1222 0.00312100001610815525
1223 0.00304399989545345306
1224 0.00306300004012882710
1225 0.00345299998298287392
1226 0.00319899991154670715
1227 0.00307699991390109062
1228 0.00307899992913007736
1229 0.00307899992913007736
1230 0.00317199993878602982
1231 0.00316699990071356297
1232 0.00310000008903443813
1233 0.00315700005739927292
1234 0.00314199994318187237
1235 0.00319000007584691048
1236 0.00312200002372264862
1237 0.00314499996602535248
1238 0.00313699990510940552
1239 0.00313000008463859558
1240 0.00321400002576410770
1241 0.00317699997685849667
1242 0.00337200006470084190
1243 0.00315100001171231270
1244 0.00323999999091029167
1245 0.00320099992677569389
1246 0.00323499995283782482
1247 0.00321800005622208118
1248 0.00352800008840858936
1249 0.00338099990040063858
1250 0.00327400001697242260
1251 0.00322699989192187786
1252 0.00325799989514052868
1253 0.00323899998329579830
1254 0.00327800004743039608
1255 0.00325300008989870548
1256 0.00326599995605647564
1257 0.00323899998329579830
1258 0.00326999998651444912
1259 0.00327300000935792923
1260 0.00328899989835917950
1261 0.00327099999412894249
1262 0.00334200006909668446
1263 0.00326699996367096901
1264 0.00330199999734759331
1265 0.00329899997450411320
1266 0.00330099998973309994
1267 0.00328600010834634304
1268 0.00334899988956749439
1269 0.00332599994726479053
1270 0.00333400000818073750
1271 0.00334600009955465794
1272 0.00339600001461803913
1273 0.00334400008432567120
1274 0.00335799995809793472
1275 0.00333700003102421761
1276 0.00350799993611872196
1277 0.00367500004358589649
1278 0.00340400007553398609
1279 0.00338899996131658554
1280 0.00336600001901388168
1281 0.00339600001461803913
1282 0.00343400007113814354
1283 0.00381899997591972351
1284 0.00390799995511770248
1285 0.00347499991767108440
1286 0.00354800000786781311
1287 0.00355400005355477333
1288 0.00358900008723139763
1289 0.00345800002105534077
1290 0.00340800010599195957
1291 0.00346400006674230099
1292 0.00344799994491040707
1293 0.00345600000582635403
1294 0.00346900010481476784
1295 0.00347199989482760429
1296 0.00346400006674230099
1297 0.00347999995574355125
1298 0.00346200005151331425
1299 0.00347399991005659103
1300 0.00344599992968142033
1301 0.00346100004389882088
1302 0.00351199996657669544
1303 0.00346700008958578110
1304 0.00350899994373321533
1305 0.00359999993816018105
1306 0.00353299989365041256
1307 0.00357599998824298382
1308 0.00349900010041892529
1309 0.00357699999585747719
1310 0.00355800008401274681
1311 0.00355500006116926670
1312 0.00356399989686906338
1313 0.00352100003510713577
1314 0.00358500005677342415
1315 0.00366399995982646942
1316 0.00355800008401274681
1317 0.00353699992410838604
1318 0.00354599999263882637
1319 0.00364200002513825893
1320 0.00355000002309679985
1321 0.00356999994255602360
1322 0.00362499989569187164
1323 0.00359699991531670094
1324 0.00358900008723139763
1325 0.00360799999907612801
1326 0.00362599990330636501
1327 0.00361600005999207497
1328 0.00362200010567903519
1329 0.00372799998149275780
1330 0.00364000000990927219
1331 0.00363799999468028545
1332 0.00366699998266994953
1333 0.00365000008605420589
1334 0.00368100008927285671
1335 0.00378199992701411247
1336 0.00365999992936849594
1337 0.00367100001312792301
1338 0.00403500022366642952
1339 0.00380899989977478981
1340 0.00366199994459748268
1341 0.00371599989011883736
1342 0.00367100001312792301
1343 0.00375899998471140862
1344 0.00370800006203353405
1345 0.00370900006964802742
1346 0.00376300001516938210
1347 0.00373200001195073128
1348 0.00375499995425343513
1349 0.00372599996626377106
1350 0.00398299982771277428
1351 0.00401900010183453560
1352 0.00377100007608532906
1353 0.00377300009131431580
1354 0.00377500010654330254
1355 0.00388700002804398537
1356 0.00434899982064962387
1357 0.00400099996477365494
1358 0.00378599995747208595
1359 0.00388600002042949200
1360 0.00398000003769993782
1361 0.00397800002247095108
1362 0.00386200007051229477
1363 0.00380500010214745998
1364 0.00396999996155500412
1365 0.00389200006611645222
1366 0.00380400009453296661
1367 0.00386700010858476162
1368 0.00384499994106590748
1369 0.00388400000520050526
1370 0.00385600002482533455
1371 0.00386400008574128151
1372 0.00387599994428455830
1373 0.00390099990181624889
1374 0.00386700010858476162
1375 0.00391100021079182625
1376 0.00431000022217631340
1377 0.00399899994954466820
1378 0.00387099990621209145
1379 0.00389500008895993233
1380 0.00391499977558851242
1381 0.00395300006493926048
1382 0.00393400015309453011
1383 0.00396599993109703064
1384 0.00393800018355250359
1385 0.00402500014752149582
1386 0.00397699978202581406
1387 0.00398899987339973450
1388 0.00396100012585520744
1389 0.00398299982771277428
1390 0.00432500010356307030
1391 0.00462999986484646797
1392 0.00430299993604421616
1393 0.00438599986955523491
1394 0.00440800003707408905
1395 0.00401300005614757538
1396 0.00404699984937906265
1397 0.00462199980393052101
1398 0.00401599984616041183
1399 0.00408700015395879745
1400 0.00405600015074014664
1401 0.00405299989506602287
1402 0.00403500022366642952
1403 0.00401100004091858864
1404 0.00409599998965859413
1405 0.00405099987983703613
1406 0.00405899994075298309
1407 0.00406799977645277977
1408 0.00412099994719028473
1409 0.00409399997442960739
1410 0.00405699992552399635
1411 0.00420500012114644051
1412 0.00407300004735589027
1413 0.00419399980455636978
1414 0.00414599990472197533
1415 0.00409800000488758087
1416 0.00418099993839859962
1417 0.00413700006902217865
1418 0.00413300003856420517
1419 0.00418299995362758636
1420 0.00412299996241927147
1421 0.00425599981099367142
1422 0.00427500018849968910
1423 0.00460400013253092766
1424 0.00472200009971857071
1425 0.00476599996909499168
1426 0.00418699998408555984
1427 0.00417400011792778969
1428 0.00420199986547231674
1429 0.00417499989271163940
1430 0.00418299995362758636
1431 0.00424600020051002502
1432 0.00425199978053569794
1433 0.00423400010913610458
1434 0.00423000007867813110
1435 0.00428699981421232224
1436 0.00426199985668063164
1437 0.00421199994161725044
1438 0.00422699982300400734
1439 0.00426599988713860512
1440 0.00425799982622265816
1441 0.00438100006431341171
1442 0.00429499987512826920
1443 0.00431399978697299957
1444 0.00434699980542063713
1445 0.00441899988800287247
1446 0.00476999999955296516
1447 0.00429699989035725594
1448 0.00429600011557340622
1449 0.00433500017970800400
1450 0.00430899998173117638
1451 0.00432100007310509682
1452 0.00429400010034441948
1453 0.00432999990880489349
1454 0.00430800020694732666
1455 0.00443000020459294319
1456 0.00437999982386827469
1457 0.00435299985110759735
1458 0.00440199999138712883
1459 0.00443599978461861610
1460 0.00438100006431341171
1461 0.00434299977496266365
1462 0.00441600009799003601
1463 0.00437799980863928795
1464 0.00435899989679455757
1465 0.00441299984231591225
1466 0.00437200022861361504
1467 0.00446800002828240395
1468 0.00438300007954239845
1469 0.00443700002506375313
1470 0.00471899984404444695
1471 0.00465699983760714531
1472 0.00442899996414780617
1473 0.00440300023183226585
1474 0.00449200021103024483
1475 0.00443000020459294319
1476 0.00446600001305341721
1477 0.00448400015011429787
1478 0.00452300021424889565
1479 0.00445100013166666031
1480 0.00449500000104308128
1481 0.00453099980950355530
1482 0.00456199981272220612
1483 0.00499100005254149437
1484 0.00517799984663724899
1485 0.00492000021040439606
1486 0.00454299990087747574
1487 0.00519300019368529320
1488 0.00519700022414326668
1489 0.00477400003001093864
1490 0.00474799983203411102
1491 0.00461600022390484810
1492 0.00498799979686737061
1493 0.00453000003471970558
1494 0.00453000003471970558
1495 0.00503699993714690208
1496 0.00458599999547004700
1497 0.00465800007805228233
1498 0.00462199980393052101
1499 0.00460200011730194092
1500 0.00459400005638599396
1501 0.00464800000190734863
1502 0.00466800015419721603
1503 0.00463999994099140167
1504 0.00462399981915950775
1505 0.00471099978312849998
1506 0.00463399989530444145
1507 0.00461699999868869781
1508 0.00465000001713633537
1509 0.00461099995300173759
1510 0.00470300018787384033
1511 0.00463599991053342819
1512 0.00471099978312849998
1513 0.00470399996265769005
1514 0.00469100009649991989
1515 0.00468199979513883591
1516 0.00466000009328126907
1517 0.00469599990174174309
1518 0.00473400019109249115
1519 0.00473400019109249115
1520 0.00474599981680512428
1521 0.00470500020310282707
1522 0.00471699982881546021
1523 0.00472499988973140717
1524 0.00508600007742643356
1525 0.00502099981531500816
1526 0.00474700005725026131
1527 0.00527299987152218819
1528 0.00473000016063451767
1529 0.00475199986249208450
1530 0.00473299995064735413
1531 0.00482999999076128006
1532 0.00475900014862418175
1533 0.00482700020074844360
1534 0.00481700012460350990
1535 0.00476300017908215523
1536 0.00478899991139769554
1537 0.00483200000599026680
1538 0.00477800006046891212
1539 0.00487799989059567451
1540 0.00479000015184283257
1541 0.00487199984490871429
1542 0.00482500018551945686
1543 0.00486399978399276733
1544 0.00493199983611702919
1545 0.00491400016471743584
1546 0.00489100022241473198
1547 0.00487700011581182480
1548 0.00502899987623095512
1549 0.00557800009846687317
1550 0.00505100004374980927
1551 0.00555999996140599251
1552 0.00501899980008602142
1553 0.00493500009179115295
1554 0.00494399992749094963
1555 0.00497400015592575073
1556 0.00496699986979365349
1557 0.00495699979364871979
1558 0.00512399990111589432
1559 0.00493599986657500267
1560 0.00497899996116757393
1561 0.00500399991869926453
1562 0.00500300014391541481
1563 0.00497299991548061371
1564 0.00506999995559453964
1565 0.00507800001651048660
1566 0.00554100004956126213
1567 0.00547299999743700027
1568 0.00496499985456466675
1569 0.00562399998307228088
1570 0.00499100005254149437
1571 0.00509000010788440704
1572 0.00501899980008602142
1573 0.00513800000771880150
1574 0.00504599977284669876
1575 0.00511199980974197388
1576 0.00501899980008602142
1577 0.00505799986422061920
1578 0.00567700015380978584
1579 0.00506100011989474297
1580 0.00511199980974197388
1581 0.00512700015679001808
1582 0.00508899986743927002
1583 0.00505799986422061920
1584 0.00536799989640712738
1585 0.00505999987944960594
1586 0.00513800000771880150
1587 0.00529399979859590530
1588 0.00518500013276934624
1589 0.00511399982497096062
1590 0.00521499989554286003
1591 0.00512999994680285454
1592 0.00513399997726082802
1593 0.00523199979215860367
1594 0.00517500005662441254
1595 0.00512700015679001808
1596 0.00521499989554286003
1597 0.00517999986186623573
1598 0.00522299995645880699
1599 0.00519899977371096611
1600 0.00522299995645880699
1601 0.00589800020679831505
1602 0.00546099990606307983
1603 0.00537100015208125114
1604 0.00542500009760260582
1605 0.00531300017610192299
1606 0.00548900011926889420
1607 0.00558000011369585991
1608 0.00533200008794665337
1609 0.00532899983227252960
1610 0.00523100001737475395
1611 0.00526099978014826775
1612 0.00528299994766712189
1613 0.00534899998456239700
1614 0.00532800005748867989
1615 0.00548500008881092072
1616 0.00576000008732080460
1617 0.00533200008794665337
1618 0.00535199977457523346
1619 0.00536900013685226440
1620 0.00537799997255206108
1621 0.00548900011926889420
1622 0.00583800021559000015
1623 0.00536100007593631744
1624 0.00538100022822618484
1625 0.00533600011840462685
1626 0.00544199999421834946
1627 0.00536500010639429092
1628 0.00540600018575787544
1629 0.00539400009438395500
1630 0.00581200001761317253
1631 0.00545200007036328316
1632 0.00548900011926889420
1633 0.00538299977779388428
1634 0.00541999982669949532
1635 0.00549500016495585442
1636 0.00547399977222084999
1637 0.00628300011157989502
1638 0.00657400023192167282
1639 0.00621399981901049614
1640 0.00591100007295608521
1641 0.00635500019416213036
1642 0.00591700011864304543
1643 0.00567900016903877258
1644 0.00597300007939338684
1645 0.00556399999186396599
1646 0.00554999988526105881
1647 0.00554799987003207207
1648 0.00553400022909045219
1649 0.00559799978509545326
1650 0.00546299992129206657
1651 0.00539099983870983124
1652 0.00546699995175004005
1653 0.00552699994295835495
1654 0.00552299991250038147
1655 0.00558200012892484665
1656 0.00548799987882375717
1657 0.00560300005599856377
1658 0.00564499991014599800
1659 0.00556600000709295273
1660 0.00543900020420551300
1661 0.00567399989813566208
1662 0.00549100013449788094
1663 0.00559400022029876709
1664 0.00541700003668665886
1665 0.00560500007122755051
1666 0.00572700006887316704
1667 0.00560799986124038696
1668 0.00563800008967518806
1669 0.00617100019007921219
1670 0.00555300014093518257
1671 0.00569099979475140572
1672 0.00565799977630376816
1673 0.00565999979153275490
1674 0.00551200006157159805
1675 0.00568700022995471954
1676 0.00571099994704127312
1677 0.00612200004979968071
1678 0.00564099987968802452
1679 0.00560399983078241348
1680 0.00571400020271539688
1681 0.00584500003606081009
1682 0.00575699983164668083
1683 0.00579300010576844215
1684 0.00574599998071789742
1685 0.00581200001761317253
1686 0.00572999985888600349
1687 0.00581800006330013275
1688 0.00581600004807114601
1689 0.00586399994790554047
1690 0.00578399980440735817
1691 0.00579399988055229187
1692 0.00586199993267655373
1693 0.00587600003927946091
1694 0.00586100015789270401
1695 0.00584999984130263329
1696 0.00580300018191337585
1697 0.00587299978360533714
1698 0.00585700012743473053
1699 0.00587699981406331062
1700 0.00634100008755922318
1701 0.00673099979758262634
1702 0.00609799986705183983
1703 0.00589000014588236809
1704 0.00590099999681115150
1705 0.00594000006094574928
1706 0.00589299993589520454
1707 0.00595099991187453270
1708 0.00588699989020824432
1709 0.00652199983596801758
1710 0.00672599999234080315
1711 0.00617199996486306190
1712 0.00603900011628866196
1713 0.00595200015231966972
1714 0.00600499985739588737
1715 0.00595099991187453270
1716 0.00607800018042325974
1717 0.00602700002491474152
1718 0.00599199999123811722
1719 0.00601099990308284760
1720 0.00601299991831183434
1721 0.00605100020766258240
1722 0.00608400022611021996
1723 0.00603900011628866196
1724 0.00606200005859136581
1725 0.00604799995198845863
1726 0.00610999995842576027
1727 0.00611899979412555695
1728 0.00666300021111965179
1729 0.00700000021606683731
1730 0.00678399996832013130
1731 0.00646399985998868942
1732 0.00638899998739361763
1733 0.00614400021731853485
1734 0.00606899987906217575
1735 0.00610599992796778679
1736 0.00611500022932887077
1737 0.00614200020208954811
1738 0.00626900000497698784
1739 0.00614299997687339783
1740 0.00617300020530819893
1741 0.00629799999296665192
1742 0.00622300012037158012
1743 0.00669900001958012581
1744 0.00618499983102083206
1745 0.00620799977332353592
1746 0.00636099977418780327
1747 0.00623899977654218674
1748 0.00626600021496415138
1749 0.00620299996808171272
1750 0.00622700015082955360
1751 0.00628100009635090828
1752 0.00630800006911158562
1753 0.00625200010836124420
1754 0.00625600013881921768
1755 0.00632499996572732925
1756 0.00623199995607137680
1757 0.00636499980464577675
1758 0.00624699983745813370
1759 0.00640300009399652481
1760 0.00630299979820847511
1761 0.00630699982866644859
1762 0.00634999992325901985
1763 0.00628700014203786850
1764 0.00645199976861476898
1765 0.00670999987050890923
1766 0.00634199986234307289
1767 0.00634300010278820992
1768 0.00634999992325901985
1769 0.00637200009077787399
1770 0.00639399979263544083
1771 0.00644800020381808281
1772 0.00638800021260976791
1773 0.00640500010922551155
1774 0.00725500006228685379
1775 0.00696999998763203621
1776 0.00641599996015429497
1777 0.00647900020703673363
1778 0.00641700020059943199
1779 0.00649600010365247726
1780 0.00647799996659159660
1781 0.00642100023105740547
1782 0.00648600002750754356
1783 0.00646900013089179993
1784 0.00651099998503923416
1785 0.00651399977505207062
1786 0.00648199999704957008
1787 0.00654300022870302200
1788 0.00659900018945336342
1789 0.00709400000050663948
1790 0.00682500004768371582
1791 0.00651999982073903084
1792 0.00653900019824504852
1793 0.00654899980872869492
1794 0.00656099990010261536
1795 0.00661200005561113358
1796 0.00655000004917383194
1797 0.00655099982395768166
1798 0.00654199998825788498
1799 0.00659300014376640320
1800 0.00677900016307830811
1801 0.00661099981516599655
1802 0.00656200014054775238
1803 0.00670799985527992249
1804 0.00655899988487362862
1805 0.00698699988424777985
1806 0.00663299998268485069
1807 0.00710899988189339638
1808 0.00681099994108080864
1809 0.00660199997946619987
1810 0.00672899978235363960
1811 0.00664100004360079765
1812 0.00671799993142485619
1813 0.00669299997389316559
1814 0.00665599992498755455
1815 0.00717699993401765823
1816 0.00668899994343519211
1817 0.00685899984091520309
1818 0.00667099980637431145
1819 0.00675799977034330368
1820 0.00694300001487135887
1821 0.00673400005325675011
1822 0.00688700005412101746
1823 0.00671100011095404625
1824 0.00684300018474459648
1825 0.00684700021520256996
1826 0.00673200003802776337
1827 0.00696799997240304947
1828 0.00679800007492303848
1829 0.00692800013348460197
1830 0.00698899989947676659
1831 0.00688599981367588043
1832 0.00688599981367588043
1833 0.00679099978879094124
1834 0.00800199992954730988
1835 0.00697699980810284615
1836 0.00730600021779537201
1837 0.00727399997413158417
1838 0.00691099977120757103
1839 0.00735899992287158966
1840 0.00689799990504980087
1841 0.00691400002688169479
1842 0.00688300002366304398
1843 0.00696500018239021301
1844 0.00689999992027878761
1845 0.00697499979287385941
1846 0.00692800013348460197
1847 0.00694300001487135887
1848 0.00698600010946393013
1849 0.00766699993982911110
1850 0.00696100015193223953
1851 0.00696900021284818649
1852 0.00697899982333183289
1853 0.00701900012791156769
1854 0.00695500010624527931
1855 0.00694599980488419533
1856 0.00701199984177947044
1857 0.00721100019291043282
1858 0.00728800008073449135
1859 0.00701500009745359421
1860 0.00716800009831786156
1861 0.00708599993959069252
1862 0.00749700004234910011
1863 0.00729000009596347809
1864 0.00698899989947676659
1865 0.00708900019526481628
1866 0.00716899987310171127
1867 0.00707799987867474556
1868 0.00709400000050663948
1869 0.00705099990591406822
1870 0.00794100016355514526
1871 0.00777099980041384697
1872 0.00741499988362193108
1873 0.00710499985143542290
1874 0.00724999979138374329
1875 0.00710600009188055992
1876 0.00716200005263090134
1877 0.00721500022336840630
1878 0.00713700009509921074
1879 0.00718499999493360519
1880 0.00725500006228685379
1881 0.00717099988833069801
1882 0.00727599998936057091
1883 0.00718200020492076874
1884 0.00726799992844462395
1885 0.00726599991321563721
1886 0.00724000018090009689
1887 0.00731500005349516869
1888 0.00731199979782104492
1889 0.00736299995332956314
1890 0.00824400037527084351
1891 0.00776100018993020058
1892 0.00758800003677606583
1893 0.00730799976736307144
1894 0.00736499996855854988
1895 0.00731700006872415543
1896 0.00730699999257922173
1897 0.00733500020578503609
1898 0.00737599981948733330
1899 0.00732100009918212891
1900 0.00737100001424551010
1901 0.00739700021222233772
1902 0.00730200018733739853
1903 0.00790700037032365799
1904 0.00744700012728571892
1905 0.00776699976995587349
1906 0.00741400010883808136
1907 0.00750999990850687027
1908 0.00781300012022256851
1909 0.00736600020900368690
1910 0.00739500019699335098
1911 0.00742499995976686478
1912 0.00756700010970234871
1913 0.00736200017854571342
1914 0.00748899998143315315
1915 0.00758600002154707909
1916 0.00759499985724687576
1917 0.00754800019785761833
1918 0.00804900005459785461
1919 0.00756599986925721169
1920 0.00759000005200505257
1921 0.00751700019463896751
1922 0.00753899989649653435
1923 0.00751300016418099403
1924 0.00757399993017315865
1925 0.00753899989649653435
1926 0.00753899989649653435
1927 0.00757900020107626915
1928 0.00793700013309717178
1929 0.00777200004085898399
1930 0.00759800011292099953
1931 0.00755599979311227798
1932 0.00809099990874528885
1933 0.00758100021630525589
1934 0.00762199983000755310
1935 0.00759499985724687576
1936 0.00762100005522370338
1937 0.00767500000074505806
1938 0.00764699978753924370
1939 0.00767500000074505806
1940 0.00763599993661046028
1941 0.00778200011700391769
1942 0.00796699989587068558
1943 0.00875100027769804001
1944 0.00826300028711557388
1945 0.00872000027447938919
1946 0.00824800040572881699
1947 0.00790499988943338394
1948 0.00771400006487965584
1949 0.00774500006809830666
1950 0.00770699977874755859
1951 0.00778000010177493095
1952 0.00774100003764033318
1953 0.00787299964576959610
1954 0.00779999978840351105
1955 0.00778299989178776741
1956 0.00772299990057945251
1957 0.00815199967473745346
1958 0.00783300027251243591
1959 0.00786899961531162262
1960 0.00783300027251243591
1961 0.00788499973714351654
1962 0.00789400003850460052
1963 0.00785499997437000275
1964 0.00782500021159648895
1965 0.00787900015711784363
1966 0.00842100009322166443
1967 0.00815000012516975403
1968 0.00850600004196166992
1969 0.00821499992161989212
1970 0.00800000037997961044
1971 0.00790700037032365799
1972 0.00791199970990419388
1973 0.00792500004172325134
1974 0.00794299971312284470
1975 0.00791999977082014084
1976 0.00798000022768974304
1977 0.00801100023090839386
1978 0.00803400017321109772
1979 0.00795200001448392868
1980 0.00808599963784217834
1981 0.00794699974358081818
1982 0.00803000014275312424
1983 0.00807199999690055847
1984 0.00804699957370758057
1985 0.00798300001770257950
1986 0.00806900020688772202
1987 0.00807399954646825790
1988 0.00808400008827447891
1989 0.00803299993276596069
1990 0.00810199975967407227
1991 0.00826799962669610977
1992 0.00849799998104572296
1993 0.00930400006473064423
1994 0.00851500034332275391
1995 0.00839900039136409760
1996 0.00816799979656934738
1997 0.00812300015240907669
1998 0.00819400046020746231
1999 0.00825399998575448990
