0 0.0000039999999899009708315134048461914062
50 0.0000060000002122251316905021667480468750
100 0.0000159999999596038833260536193847656250
150 0.0000319999999192077666521072387695312500
200 0.0000550000004295725375413894653320312500
250 0.0000849999996717087924480438232421875000
300 0.0001239999983226880431175231933593750000
350 0.0001729999930830672383308410644531250000
400 0.0002460000105202198028564453125000000000
450 0.0003060000017285346984863281250000000000
500 0.0003800000122282654047012329101562500000
550 0.0004520000074990093708038330078125000000
600 0.0004260000132489949464797973632812500000
650 0.0004579999949783086776733398437500000000
700 0.0005349999992176890373229980468750000000
750 0.0006070000235922634601593017578125000000
800 0.0006799999973736703395843505859375000000
850 0.0007890000124461948871612548828125000000
900 0.0007900000200606882572174072265625000000
950 0.0008079999824985861778259277343750000000
1000 0.0010890000266954302787780761718750000000
1050 0.0009539999882690608501434326171875000000
1100 0.0009679999784566462039947509765625000000
1150 0.0012019999558106064796447753906250000000
1200 0.0011709999525919556617736816406250000000
1250 0.0018060000147670507431030273437500000000
1300 0.0018260000506415963172912597656250000000
1350 0.0017640000442042946815490722656250000000
1400 0.0015429999912157654762268066406250000000
1450 0.0016639999812468886375427246093750000000
1500 0.0017460000235587358474731445312500000000
1550 0.0021029999479651451110839843750000000000
1600 0.0029070000164210796356201171875000000000
1650 0.0026950000319629907608032226562500000000
1700 0.0023849999997764825820922851562500000000
1750 0.0032889998983591794967651367187500000000
1800 0.0035790000110864639282226562500000000000
1850 0.0038199999835342168807983398437500000000
1900 0.0033939999993890523910522460937500000000
1950 0.0036899999249726533889770507812500000000
2000 0.0035510000307112932205200195312500000000
2050 0.0042249998077750205993652343750000000000
2100 0.0041069998405873775482177734375000000000
2150 0.0042099999263882637023925781250000000000
2200 0.0054069999605417251586914062500000000000
2250 0.0039389999583363533020019531250000000000
2300 0.0039519998244941234588623046875000000000
2350 0.0039579998701810836791992187500000000000
2400 0.0042220000177621841430664062500000000000
2450 0.0044030002318322658538818359375000000000
2500 0.0045320000499486923217773437500000000000
2550 0.0047760000452399253845214843750000000000
2600 0.0048879999667406082153320312500000000000
2650 0.0050670001655817031860351562500000000000
2700 0.0053619998507201671600341796875000000000
2750 0.0054850000888109207153320312500000000000
2800 0.0059650000184774398803710937500000000000
2850 0.0058630001731216907501220703125000000000
2900 0.0060580000281333923339843750000000000000
2950 0.0062480000779032707214355468750000000000
3000 0.0064530000090599060058593750000000000000
3050 0.0066340002231299877166748046875000000000
3100 0.0068500000052154064178466796875000000000
3150 0.0075260000303387641906738281250000000000
3200 0.0076910001225769519805908203125000000000
3250 0.0075920000672340393066406250000000000000
3300 0.0078030000440776348114013671875000000000
3350 0.0081590004265308380126953125000000000000
3400 0.0082539999857544898986816406250000000000
3450 0.0083760004490613937377929687500000000000
3500 0.0087150000035762786865234375000000000000
3550 0.0090199997648596763610839843750000000000
3600 0.0093019995838403701782226562500000000000
3650 0.0094299996271729469299316406250000000000
3700 0.0098139997571706771850585937500000000000
3750 0.0101349996402859687805175781250000000000
3800 0.0117990002036094665527343750000000000000
3850 0.0107779996469616889953613281250000000000
3900 0.0107230003923177719116210937500000000000
3950 0.0108970003202557563781738281250000000000
4000 0.0114639997482299804687500000000000000000
4050 0.0116339996457099914550781250000000000000
4100 0.0118439998477697372436523437500000000000
4150 0.0122330002486705780029296875000000000000
4200 0.0127210002392530441284179687500000000000
4250 0.0128269996494054794311523437500000000000
4300 0.0130709996446967124938964843750000000000
4350 0.0134600000455975532531738281250000000000
4400 0.0138219995424151420593261718750000000000
4450 0.0141589995473623275756835937500000000000
4500 0.0144840003922581672668457031250000000000
4550 0.0148949995636940002441406250000000000000
4600 0.0153909996151924133300781250000000000000
4650 0.0157709997147321701049804687500000000000
4700 0.0156830009073019027709960937500000000000
4750 0.0162049997597932815551757812500000000000
4800 0.0168469995260238647460937500000000000000
4850 0.0168350003659725189208984375000000000000
4900 0.0173390004783868789672851562500000000000
4950 0.0173819996416568756103515625000000000000
5000 0.0211309995502233505249023437500000000000
