1 0.00000499999987368938
15 0.00000300000010611257
29 0.00000300000010611257
43 0.00000600000021222513
57 0.00000900000031833770
71 0.00001200000042445026
85 0.00001100000008591451
99 0.00001400000019202707
113 0.00002499999936844688
127 0.00003600000127335079
141 0.00003199999991920777
155 0.00003600000127335079
169 0.00003999999898951501
183 0.00004600000102072954
197 0.00005400000009103678
211 0.00006399999983841553
225 0.00007300000288523734
239 0.00008199999865610152
253 0.00010099999781232327
267 0.00012099999730708078
281 0.00014600000577047467
295 0.00013899999612476677
309 0.00013899999612476677
323 0.00015799999528098851
337 0.00016399999731220305
351 0.00017800000205170363
365 0.00020199999562464654
379 0.00020100000256206840
393 0.00020999999833293259
407 0.00020300000323913991
421 0.00019000000611413270
435 0.00020100000256206840
449 0.00021699999342672527
463 0.00023200000578071922
477 0.00032699998700991273
491 0.00025400001322850585
505 0.00026800000341609120
519 0.00028800001018680632
533 0.00030300000798888505
547 0.00034100000630132854
561 0.00033899999107234180
575 0.00035700001171790063
589 0.00036400000681169331
603 0.00033099998836405575
617 0.00041300000157207251
631 0.00045299998600967228
645 0.00046000001020729542
659 0.00041400000918656588
673 0.00041499998769722879
687 0.00041099998634308577
701 0.00038899999344721437
715 0.00044699999853037298
729 0.00059800001326948404
743 0.00061799999093636870
757 0.00064400001429021358
771 0.00066600000718608499
785 0.00064199999906122684
799 0.00069199997233226895
813 0.00073999998858198524
827 0.00076999998418614268
841 0.00079199997708201408
855 0.00079499999992549419
869 0.00079299998469650745
883 0.00059900002088397741
897 0.00061799999093636870
911 0.00063899997621774673
925 0.00065399997401982546
939 0.00067899998975917697
953 0.00069299997994676232
967 0.00071400002343580127
981 0.00072599999839439988
995 0.00074899999890476465
1009 0.00087099999655038118
1023 0.00126199994701892138
1037 0.00109300005715340376
1051 0.00085499999113380909
1065 0.00115400005597621202
1079 0.00130500004161149263
1093 0.00130200001876801252
1107 0.00134700001217424870
1121 0.00144499994348734617
1135 0.00144200003705918789
1149 0.00145199999678879976
1163 0.00149599998258054256
1177 0.00161100004334002733
1191 0.00163700000848621130
1205 0.00161100004334002733
1219 0.00170899997465312481
1233 0.00139800005126744509
1247 0.00135799997951835394
1261 0.00130500004161149263
1275 0.00129699998069554567
1289 0.00134600000455975533
1303 0.00132999999914318323
1317 0.00134900002740323544
1331 0.00136100000236183405
1345 0.00140499998815357685
1359 0.00190200004726648331
1373 0.00207399995997548103
1387 0.00189199997112154961
1401 0.00167999998666346073
1415 0.00190699996892362833
1429 0.00168200000189244747
1443 0.00159799994435161352
1457 0.00162100000306963921
1471 0.00166399998124688864
1485 0.00185700005386024714
1499 0.00193899997975677252
1513 0.00255799992009997368
1527 0.00259199994616210461
1541 0.00263700005598366261
1555 0.00247599999420344830
1569 0.00252599990926682949
1583 0.00260000000707805157
1597 0.00275800004601478577
1611 0.00253199995495378971
1625 0.00213799998164176941
1639 0.00236300006508827209
1653 0.00298000010661780834
1667 0.00315400003455579281
1681 0.00310399988666176796
1695 0.00253199995495378971
1709 0.00256499997340142727
1723 0.00257500004954636097
1737 0.00298999994993209839
1751 0.00224100006744265556
1765 0.00219299993477761745
1779 0.00224899989552795887
1793 0.00235099997371435165
1807 0.00254400004632771015
1821 0.00245200004428625107
1835 0.00235900003463029861
1849 0.00246899994090199471
1863 0.00244599999859929085
1877 0.00245900009758770466
1891 0.00258399988524615765
1905 0.00259699998423457146
1919 0.00260300002992153168
1933 0.00264499988406896591
1947 0.00270000007003545761
1961 0.00268799997866153717
1975 0.00276300008408725262
1989 0.00281099998392164707
2003 0.00277199991978704929
2017 0.00283399992622435093
2031 0.00289699994027614594
2045 0.00367400003597140312
2059 0.00457199988886713982
2073 0.00356699991971254349
2087 0.00309100002050399780
2101 0.00325000006705522537
2115 0.00327800004743039608
2129 0.00338899996131658554
2143 0.00317399995401501656
2157 0.00329399993643164635
2171 0.00339299999177455902
2185 0.00340700009837746620
2199 0.00362799991853535175
2213 0.00338499993085861206
2227 0.00350199989043176174
2241 0.00353899993933737278
2255 0.00359499990008771420
2269 0.00364000000990927219
2283 0.00362499989569187164
2297 0.00367600005120038986
2311 0.00369599997065961361
2325 0.00384399993345141411
2339 0.00380300008691847324
2353 0.00386800011619925499
2367 0.00391300022602081299
2381 0.00398699985817074776
2395 0.00400599977001547813
2409 0.00406000018119812012
2423 0.00409700023010373116
2437 0.00419999985024333000
2451 0.00420399988070130348
2465 0.00423099985346198082
2479 0.00425500003620982170
2493 0.00436200015246868134
2507 0.00434899982064962387
2521 0.00443200021982192993
2535 0.00444900011643767357
2549 0.00478800013661384583
2563 0.00454200012609362602
2577 0.00463100010529160500
2591 0.00465000001713633537
2605 0.00568700022995471954
2619 0.00608400022611021996
2633 0.00506500015035271645
2647 0.00495499977841973305
2661 0.00518100010231137276
2675 0.00497099990025162697
2689 0.00532800005748867989
2703 0.00515699991956353188
2717 0.00535000022500753403
2731 0.00545600010082125664
2745 0.00538100022822618484
2759 0.00546699995175004005
2773 0.00556100020185112953
2787 0.00555700017139315605
2801 0.00560999987646937370
2815 0.00589200016111135483
2829 0.00573300011456012726
2843 0.00573100009933114052
2857 0.00585799990221858025
2871 0.00584100000560283661
2885 0.00591900013387203217
2899 0.00617399998009204865
2913 0.00604399992153048515
2927 0.00623700022697448730
2941 0.00611199997365474701
2955 0.00617899978533387184
2969 0.00637099985033273697
2983 0.00637600012123584747
2997 0.00639500003308057785
3011 0.00652700010687112808
3025 0.00690500019118189812
3039 0.00767500000074505806
3053 0.00676999986171722412
3067 0.00675900001078844070
3081 0.00680600013583898544
3095 0.00685699982568621635
3109 0.00702599994838237762
3123 0.00699299992993474007
3137 0.00702399993315339088
3151 0.00711200013756752014
3165 0.00726700015366077423
3179 0.00751999998465180397
3193 0.00773299997672438622
3207 0.00736899999901652336
3221 0.00742299994453787804
3235 0.00779000017791986465
3249 0.00796100031584501266
3263 0.00765000004321336746
3277 0.00767999980598688126
3291 0.00784299988299608231
3305 0.00780100002884864807
3319 0.00782299973070621490
3333 0.00798300001770257950
3347 0.00803400017321109772
3361 0.00799200031906366348
3375 0.00848099961876869202
3389 0.00822000019252300262
3403 0.00829300004988908768
3417 0.00831099972128868103
3431 0.00856299977749586105
3445 0.01017799973487854004
3459 0.00862300023436546326
3473 0.00856900028884410858
3487 0.00860599987208843231
3501 0.00869899988174438477
3515 0.00878799986094236374
3529 0.00890100002288818359
3543 0.00891700014472007751
3557 0.00903199985623359680
3571 0.00989000033587217331
3585 0.00940799992531538010
3599 0.00922800041735172272
3613 0.00932000018656253815
3627 0.00937000010162591934
3641 0.00938499998301267624
3655 0.00949500035494565964
3669 0.00957600027322769165
3683 0.00963499955832958221
3697 0.00984499976038932800
3711 0.00982099957764148712
3725 0.00984799955040216446
3739 0.00989499967545270920
3753 0.01011999975889921188
3767 0.01020700018852949142
3781 0.01011500041931867599
3795 0.01026600040495395660
3809 0.01028500031679868698
3823 0.01033399999141693115
3837 0.01303100027143955231
3851 0.01508300006389617920
3865 0.01527499966323375702
3879 0.01096300035715103149
3893 0.01093399990350008011
3907 0.01079500000923871994
3921 0.01099599990993738174
3935 0.01115399971604347229
3949 0.01105500012636184692
3963 0.01134300045669078827
3977 0.01130000036209821701
3991 0.01329800020903348923
4005 0.01173099968582391739
4019 0.01163499988615512848
4033 0.01178099960088729858
4047 0.01199899986386299133
4061 0.01204700022935867310
4075 0.01194200012832880020
4089 0.01182099990546703339
4103 0.01212400011718273163
4117 0.01213700044900178909
4131 0.01214899960905313492
4145 0.01228599995374679565
4159 0.01232200022786855698
4173 0.01242399960756301880
4187 0.01256900001317262650
4201 0.01246500015258789062
4215 0.01280099991708993912
4229 0.01275600027292966843
4243 0.01293999981135129929
4257 0.01294600032269954681
4271 0.01303699985146522522
4285 0.01326400041580200195
4299 0.01323399972170591354
4313 0.01334199961274862289
4327 0.01353299990296363831
4341 0.01356299966573715210
4355 0.01372100040316581726
4369 0.01371600013226270676
4383 0.01379199977964162827
4397 0.01462200004607439041
4411 0.01397900003939867020
4425 0.01550600025802850723
4439 0.01451900042593479156
4453 0.01423299964517354965
4467 0.01426700036972761154
4481 0.01441700011491775513
4495 0.01436599995940923691
4509 0.01452799979597330093
4523 0.01465300004929304123
4537 0.01496800035238265991
4551 0.01470199972391128540
4565 0.01484899967908859253
4579 0.01504200045019388199
4593 0.01508400030434131622
4607 0.01520099956542253494
4621 0.01854600012302398682
4635 0.01535299979150295258
4649 0.01543099991977214813
4663 0.01573299989104270935
4677 0.01557399984449148178
4691 0.01650300063192844391
4705 0.01589299924671649933
4719 0.01579600013792514801
4733 0.01594199985265731812
4747 0.01605200022459030151
4761 0.01624999940395355225
4775 0.01623800024390220642
4789 0.01823399960994720459
4803 0.01931400038301944733
4817 0.01653799973428249359
4831 0.01657499931752681732
4845 0.01674100011587142944
4859 0.01679600030183792114
4873 0.01711400039494037628
4887 0.01721299998462200165
4901 0.01717000082135200500
4915 0.01716100051999092102
4929 0.01732099987566471100
4943 0.01736300066113471985
4957 0.01758100092411041260
4971 0.01760499924421310425
4985 0.01780799962580204010
4999 0.01785900071263313293
