1 0.00000199999999495049
11 0.00000199999999495049
21 0.00000199999999495049
31 0.00000399999998990097
41 0.00000399999998990097
51 0.00000499999987368938
61 0.00000700000009601354
71 0.00000799999997980194
81 0.00000900000031833770
91 0.00000900000031833770
101 0.00000999999974737875
111 0.00001299999985349132
121 0.00001400000019202707
131 0.00001499999962106813
141 0.00001800000063667540
151 0.00001999999949475750
161 0.00001999999949475750
171 0.00001899999915622175
181 0.00001899999915622175
191 0.00002200000017182902
201 0.00002200000017182902
211 0.00002499999936844688
221 0.00002400000084890053
231 0.00002599999970698263
241 0.00002700000004551839
251 0.00002900000072258990
261 0.00003700000161188655
271 0.00002700000004551839
281 0.00002800000038405415
291 0.00003099999958067201
301 0.00002999999924213625
311 0.00003300000025774352
321 0.00003500000093481503
331 0.00003300000025774352
341 0.00003400000059627928
351 0.00003799999831244349
361 0.00003700000161188655
371 0.00003999999898951501
381 0.00003799999831244349
391 0.00003799999831244349
401 0.00004600000102072954
411 0.00004199999966658652
421 0.00004099999932805076
431 0.00004199999966658652
441 0.00004899999839835800
451 0.00004600000102072954
461 0.00004700000135926530
471 0.00004800000169780105
481 0.00004899999839835800
491 0.00004899999839835800
501 0.00004899999839835800
511 0.00005199999941396527
521 0.00005299999975250103
531 0.00005299999975250103
541 0.00005900000178371556
551 0.00005700000110664405
561 0.00005800000144517981
571 0.00005800000144517981
581 0.00005999999848427251
591 0.00005999999848427251
601 0.00006199999916134402
611 0.00006399999983841553
621 0.00006500000017695129
631 0.00006500000017695129
641 0.00006500000017695129
651 0.00006800000119255856
661 0.00006900000153109431
671 0.00007200000254670158
681 0.00005900000178371556
691 0.00006399999983841553
701 0.00006199999916134402
711 0.00006399999983841553
721 0.00006399999983841553
731 0.00006500000017695129
741 0.00006900000153109431
751 0.00007000000186963007
761 0.00007599999662488699
771 0.00007000000186963007
781 0.00007000000186963007
791 0.00007200000254670158
801 0.00007699999696342275
811 0.00007400000322377309
821 0.00007500000356230885
831 0.00007500000356230885
841 0.00007799999730195850
851 0.00007999999797903001
861 0.00008199999865610152
871 0.00007999999797903001
881 0.00008299999899463728
891 0.00008299999899463728
901 0.00008299999899463728
911 0.00008399999933317304
921 0.00008600000001024455
931 0.00008700000034878030
941 0.00008700000034878030
951 0.00008900000102585182
961 0.00009000000136438757
971 0.00009000000136438757
981 0.00009999999747378752
991 0.00009699999645818025
1001 0.00009500000305706635
1011 0.00010099999781232327
1021 0.00011200000153621659
1031 0.00011800000356743112
1041 0.00010900000052060932
1051 0.00011200000153621659
1061 0.00011899999663000926
1071 0.00011000000085914508
1081 0.00010599999950500205
1091 0.00010199999815085903
1101 0.00010900000052060932
1111 0.00010599999950500205
1121 0.00011200000153621659
1131 0.00010800000018207356
1141 0.00010800000018207356
1151 0.00011000000085914508
1161 0.00011300000187475234
1171 0.00011400000221328810
1181 0.00011400000221328810
1191 0.00011600000289035961
1201 0.00011200000153621659
1211 0.00012099999730708078
1221 0.00011500000255182385
1231 0.00011899999663000926
1241 0.00011700000322889537
1251 0.00012199999764561653
1261 0.00012300000526010990
1271 0.00012199999764561653
1281 0.00012099999730708078
1291 0.00012300000526010990
1301 0.00012700000661425292
1311 0.00012899999273940921
1321 0.00012700000661425292
1331 0.00013000000035390258
1341 0.00013200000103097409
1351 0.00013200000103097409
1361 0.00014099999680183828
1371 0.00013400000170804560
1381 0.00013899999612476677
1391 0.00015100000018719584
1401 0.00015599999460391700
1411 0.00015799999528098851
1421 0.00014299999747890979
1431 0.00013800000306218863
1441 0.00014400000509340316
1451 0.00014099999680183828
1461 0.00014299999747890979
1471 0.00014400000509340316
1481 0.00014299999747890979
1491 0.00014400000509340316
1501 0.00016199999663513154
1511 0.00015500000154133886
1521 0.00015100000018719584
1531 0.00014899999951012433
1541 0.00015199999324977398
1551 0.00015500000154133886
1561 0.00016799999866634607
1571 0.00015700000221841037
1581 0.00014600000577047467
1591 0.00015000000712461770
1601 0.00014699999883305281
1611 0.00014800000644754618
1621 0.00015000000712461770
1631 0.00016199999663513154
1641 0.00016399999731220305
1651 0.00016799999866634607
1661 0.00016999999934341758
1671 0.00017499999376013875
1681 0.00016500000492669642
1691 0.00016900000628083944
1701 0.00017600000137463212
1711 0.00015799999528098851
1721 0.00015799999528098851
1731 0.00015999999595806003
1741 0.00015700000221841037
1751 0.00016199999663513154
1761 0.00016999999934341758
1771 0.00016399999731220305
1781 0.00016700000560376793
1791 0.00016500000492669642
1801 0.00016799999866634607
1811 0.00016999999934341758
1821 0.00016900000628083944
1831 0.00017499999376013875
1841 0.00017200000002048910
1851 0.00017299999308306724
1861 0.00017200000002048910
1871 0.00018099999579135329
1881 0.00017299999308306724
1891 0.00019700000120792538
1901 0.00017800000205170363
1911 0.00018299999646842480
1921 0.00017499999376013875
1931 0.00018099999579135329
1941 0.00018099999579135329
1951 0.00020799999765586108
1961 0.00019599999359343201
1971 0.00020199999562464654
1981 0.00024300000222865492
1991 0.00019200000679120421
2001 0.00019200000679120421
2011 0.00019099999917671084
2021 0.00019299999985378236
2031 0.00019099999917671084
2041 0.00018800000543706119
2051 0.00019200000679120421
2061 0.00019399999291636050
2071 0.00019700000120792538
2081 0.00019599999359343201
2091 0.00020399999630171806
2101 0.00019799999427050352
2111 0.00020100000256206840
2121 0.00019999999494757503
2131 0.00020300000323913991
2141 0.00020300000323913991
2151 0.00020300000323913991
2161 0.00020599999697878957
2171 0.00020399999630171806
2181 0.00020999999833293259
2191 0.00021800000104121864
2201 0.00023400000645779073
2211 0.00021699999342672527
2221 0.00021300000662449747
2231 0.00021199999901000410
2241 0.00021300000662449747
2251 0.00021800000104121864
2261 0.00021800000104121864
2271 0.00021699999342672527
2281 0.00022299999545793980
2291 0.00022099999478086829
2301 0.00021800000104121864
2311 0.00022600000374950469
2321 0.00022099999478086829
2331 0.00022600000374950469
2341 0.00023000000510364771
2351 0.00022800000442657620
2361 0.00022499999613501132
2371 0.00022899999748915434
2381 0.00022899999748915434
2391 0.00022699999681208283
2401 0.00023200000578071922
2411 0.00028099998598918319
2421 0.00023400000645779073
2431 0.00023400000645779073
2441 0.00024300000222865492
2451 0.00023499999952036887
2461 0.00023900000087451190
2471 0.00023400000645779073
2481 0.00024300000222865492
2491 0.00023900000087451190
2501 0.00024399999529123306
2511 0.00024600001052021980
2521 0.00024300000222865492
2531 0.00025099999038502574
2541 0.00024199999461416155
2551 0.00024399999529123306
2561 0.00025000001187436283
2571 0.00024399999529123306
2581 0.00024799999664537609
2591 0.00025199999799951911
2601 0.00025599999935366213
2611 0.00025099999038502574
2621 0.00025499999173916876
2631 0.00028499998734332621
2641 0.00027700001373887062
2651 0.00029399999766610563
2661 0.00027200000477023423
2671 0.00027799999224953353
2681 0.00028599999495781958
2691 0.00028000000747852027
2701 0.00028199999360367656
2711 0.00028800001018680632
2721 0.00028499998734332621
2731 0.00026400000206194818
2741 0.00026599998818710446
2751 0.00026500000967644155
2761 0.00026999998954124749
2771 0.00031599999056197703
2781 0.00028800001018680632
2791 0.00027200000477023423
2801 0.00027300001238472760
2811 0.00027499999850988388
2821 0.00027399999089539051
2831 0.00027300001238472760
2841 0.00029699999140575528
2851 0.00028099998598918319
2861 0.00027700001373887062
2871 0.00027899999986402690
2881 0.00031299999682232738
2891 0.00028499998734332621
2901 0.00028599999495781958
2911 0.00028499998734332621
2921 0.00028800001018680632
2931 0.00028599999495781958
2941 0.00028800001018680632
2951 0.00029200001154094934
2961 0.00028999999631196260
2971 0.00031100001069717109
2981 0.00031800000579096377
2991 0.00031999999191612005
3001 0.00029699999140575528
3011 0.00029500000528059900
3021 0.00030000001424923539
3031 0.00030000001424923539
3041 0.00030700000934302807
3051 0.00029500000528059900
3061 0.00030000001424923539
3071 0.00033099998836405575
3081 0.00030499999411404133
3091 0.00030399998649954796
3101 0.00030399998649954796
3111 0.00030799998785369098
3121 0.00031199998920783401
3131 0.00030799998785369098
3141 0.00031299999682232738
3151 0.00031000000308267772
3161 0.00032900000223889947
3171 0.00038700000732205808
3181 0.00039900001138448715
3191 0.00039000000106170774
3201 0.00039999998989515007
3211 0.00038000001222826540
3221 0.00038400001358240843
3231 0.00037600001087412238
3241 0.00038000001222826540
3251 0.00038599999970756471
3261 0.00038199999835342169
3271 0.00037699998938478529
3281 0.00038099999073892832
3291 0.00038400001358240843
3301 0.00038400001358240843
3311 0.00042799999937415123
3321 0.00041400000918656588
3331 0.00041899998905137181
3341 0.00042900000698864460
3351 0.00035700001171790063
3361 0.00035300001036375761
3371 0.00033700000494718552
3381 0.00033999999868683517
3391 0.00033700000494718552
3401 0.00036700000055134296
3411 0.00036500001442618668
3421 0.00036400000681169331
3431 0.00033899999107234180
3441 0.00034100000630132854
3451 0.00034599998616613448
3461 0.00033899999107234180
3471 0.00034500000765547156
3481 0.00034599998616613448
3491 0.00034299999242648482
3501 0.00034800000139512122
3511 0.00034800000139512122
3521 0.00038199999835342169
3531 0.00035399998887442052
3541 0.00035399998887442052
3551 0.00035499999648891389
3561 0.00035899999784305692
3571 0.00035399998887442052
3581 0.00035799999022856355
3591 0.00036599999293684959
3601 0.00035600000410340726
3611 0.00036599999293684959
3621 0.00037399999564513564
3631 0.00036100001307204366
3641 0.00036800000816583633
3651 0.00036800000816583633
3661 0.00036999999429099262
3671 0.00036199999158270657
3681 0.00036400000681169331
3691 0.00036700000055134296
3701 0.00037200000951997936
3711 0.00037100000190548599
3721 0.00036800000816583633
3731 0.00039299999480135739
3741 0.00042900000698864460
3751 0.00038499999209307134
3761 0.00037399999564513564
3771 0.00039999998989515007
3781 0.00038499999209307134
3791 0.00038899999344721437
3801 0.00044199998956173658
3811 0.00045900000259280205
3821 0.00046099998871795833
3831 0.00045200000749900937
3841 0.00045799999497830868
3851 0.00045500000123865902
3861 0.00049300002865493298
3871 0.00046400001156143844
3881 0.00045900000259280205
3891 0.00047500000800937414
3901 0.00045500000123865902
3911 0.00045600000885315239
3921 0.00046800001291558146
3931 0.00047599998652003706
3941 0.00046800001291558146
3951 0.00047299999278038740
3961 0.00047699999413453043
3971 0.00052699999650940299
3981 0.00047800000174902380
3991 0.00048600000445730984
4001 0.00047500000800937414
4011 0.00042999998549930751
4021 0.00043899999582208693
4031 0.00043899999582208693
4041 0.00043799998820759356
4051 0.00043399998685345054
4061 0.00041000000783242285
4071 0.00041300000157207251
4081 0.00045099999988451600
4091 0.00043300000834278762
4101 0.00041400000918656588
4111 0.00045099999988451600
4121 0.00047599998652003706
4131 0.00041700000292621553
4141 0.00041999999666586518
4151 0.00044599999091587961
4161 0.00042299999040551484
4171 0.00042200001189485192
4181 0.00042600001324899495
4191 0.00042299999040551484
4201 0.00043399998685345054
4211 0.00043099999311380088
4221 0.00043300000834278762
4231 0.00043899999582208693
4241 0.00044199998956173658
4251 0.00044500001240521669
4261 0.00043300000834278762
4271 0.00043399998685345054
4281 0.00043300000834278762
4291 0.00044299999717622995
4301 0.00047800000174902380
4311 0.00047400000039488077
4321 0.00043600000208243728
4331 0.00044199998956173658
4341 0.00044900001375935972
4351 0.00043700000969693065
4361 0.00044400000479072332
4371 0.00044999999227002263
4381 0.00044500001240521669
4391 0.00045099999988451600
4401 0.00044199998956173658
4411 0.00044999999227002263
4421 0.00045399999362416565
4431 0.00044699999853037298
4441 0.00045600000885315239
4451 0.00045500000123865902
4461 0.00046899999142624438
4471 0.00045900000259280205
4481 0.00045799999497830868
4491 0.00049300002865493298
4501 0.00045799999497830868
4511 0.00046000001020729542
4521 0.00048200000310316682
4531 0.00045799999497830868
4541 0.00046499999007210135
4551 0.00049100001342594624
4561 0.00046800001291558146
4571 0.00046499999007210135
4581 0.00046300000394694507
4591 0.00046899999142624438
4601 0.00047800000174902380
4611 0.00046899999142624438
4621 0.00047100000665523112
4631 0.00050000002374872565
4641 0.00047200001426972449
4651 0.00048499999684281647
4661 0.00049200002104043961
4671 0.00048099999548867345
4681 0.00047900000936351717
4691 0.00048099999548867345
4701 0.00049499998567625880
4711 0.00048300001071766019
4721 0.00050399999599903822
4731 0.00052800000412389636
4741 0.00048799999058246613
4751 0.00048399998922832310
4761 0.00048099999548867345
4771 0.00050899997586384416
4781 0.00048300001071766019
4791 0.00049399997806176543
4801 0.00050099997315555811
4811 0.00048600000445730984
4821 0.00050099997315555811
4831 0.00050299998838454485
4841 0.00049300002865493298
4851 0.00050500000361353159
4861 0.00052100000903010368
4871 0.00050000002374872565
4881 0.00050399999599903822
4891 0.00049800000851973891
4901 0.00053100002696737647
4911 0.00050600001122802496
4921 0.00050500000361353159
4931 0.00052100000903010368
4941 0.00050800002645701170
4951 0.00050600001122802496
4961 0.00050999998347833753
4971 0.00050800002645701170
4981 0.00051500002155080438
4991 0.00051199999870732427
