1 0.00000199999999495049
25 0.00000199999999495049
49 0.00000300000010611257
73 0.00000600000021222513
97 0.00000700000009601354
121 0.00000900000031833770
145 0.00001899999915622175
169 0.00001299999985349132
193 0.00001599999995960388
217 0.00001700000029813964
241 0.00002599999970698263
265 0.00002099999983329326
289 0.00003300000025774352
313 0.00002599999970698263
337 0.00003600000127335079
361 0.00002900000072258990
385 0.00003099999958067201
409 0.00003199999991920777
433 0.00003400000059627928
457 0.00003799999831244349
481 0.00003999999898951501
505 0.00004099999932805076
529 0.00004300000000512227
553 0.00004600000102072954
577 0.00004800000169780105
601 0.00005099999907542951
625 0.00005199999941396527
649 0.00005700000110664405
673 0.00005500000042957254
697 0.00005800000144517981
721 0.00006099999882280827
745 0.00006399999983841553
769 0.00006500000017695129
793 0.00006800000119255856
817 0.00006900000153109431
841 0.00007400000322377309
865 0.00007400000322377309
889 0.00007599999662488699
913 0.00008099999831756577
937 0.00008199999865610152
961 0.00008399999933317304
985 0.00008700000034878030
1009 0.00009200000204145908
1033 0.00009200000204145908
1057 0.00009400000271853060
1081 0.00009500000305706635
1105 0.00009999999747378752
1129 0.00010099999781232327
1153 0.00010399999882793054
1177 0.00010599999950500205
1201 0.00010699999984353781
1225 0.00010900000052060932
1249 0.00011300000187475234
1273 0.00011600000289035961
1297 0.00011700000322889537
1321 0.00012199999764561653
1345 0.00011999999696854502
1369 0.00012500000593718141
1393 0.00012799999967683107
1417 0.00012700000661425292
1441 0.00013200000103097409
1465 0.00013099999341648072
1489 0.00013699999544769526
1513 0.00014200000441633165
1537 0.00014099999680183828
1561 0.00014499999815598130
1585 0.00014499999815598130
1609 0.00014800000644754618
1633 0.00015300000086426735
1657 0.00015100000018719584
1681 0.00018800000543706119
1705 0.00020100000256206840
1729 0.00020100000256206840
1753 0.00017699999443721026
1777 0.00017400000069756061
1801 0.00018600000475998968
1825 0.00016999999934341758
1849 0.00017299999308306724
1873 0.00019000000611413270
1897 0.00018699999782256782
1921 0.00018899999849963933
1945 0.00018499999714549631
1969 0.00018699999782256782
1993 0.00018899999849963933
2017 0.00019399999291636050
2041 0.00019299999985378236
2065 0.00019599999359343201
2089 0.00020100000256206840
2113 0.00020300000323913991
2137 0.00020100000256206840
2161 0.00020999999833293259
2185 0.00021199999901000410
2209 0.00021499999274965376
2233 0.00027799999224953353
2257 0.00024500000290572643
2281 0.00023700000019744039
2305 0.00024100000155158341
2329 0.00022600000374950469
2353 0.00024600001052021980
2377 0.00024100000155158341
2401 0.00023400000645779073
2425 0.00023999999393709004
2449 0.00023600000713486224
2473 0.00024100000155158341
2497 0.00024199999461416155
2521 0.00024399999529123306
2545 0.00024500000290572643
2569 0.00025000001187436283
2593 0.00028199999360367656
2617 0.00025499999173916876
2641 0.00025799998547881842
2665 0.00026000000070780516
2689 0.00026400000206194818
2713 0.00028999999631196260
2737 0.00027399999089539051
2761 0.00027300001238472760
2785 0.00027700001373887062
2809 0.00030399998649954796
2833 0.00028599999495781958
2857 0.00028099998598918319
2881 0.00028099998598918319
2905 0.00028800001018680632
2929 0.00028999999631196260
2953 0.00029200001154094934
2977 0.00028800001018680632
3001 0.00032299998565576971
3025 0.00037200000951997936
3049 0.00032699998700991273
3073 0.00031800000579096377
3097 0.00031500001205131412
3121 0.00033300000359304249
3145 0.00031299999682232738
3169 0.00031599999056197703
3193 0.00031699999817647040
3217 0.00032200000714510679
3241 0.00035200000274926424
3265 0.00033800001256167889
3289 0.00033099998836405575
3313 0.00034699999378062785
3337 0.00035499999648891389
3361 0.00035099999513477087
3385 0.00033700000494718552
3409 0.00033800001256167889
3433 0.00034800000139512122
3457 0.00035700001171790063
3481 0.00034400000004097819
3505 0.00035300001036375761
3529 0.00035600000410340726
3553 0.00036100001307204366
3577 0.00036000000545755029
3601 0.00036100001307204366
3625 0.00036500001442618668
3649 0.00036899998667649925
3673 0.00039299999480135739
3697 0.00037600001087412238
3721 0.00036999999429099262
3745 0.00038400001358240843
3769 0.00037699998938478529
3793 0.00038300000596791506
3817 0.00038300000596791506
3841 0.00039000000106170774
3865 0.00039199998718686402
3889 0.00042500000563450158
3913 0.00042500000563450158
3937 0.00042399999802000821
3961 0.00040799999260343611
3985 0.00042299999040551484
4009 0.00040600000647827983
4033 0.00041599999531172216
4057 0.00041300000157207251
4081 0.00042799999937415123
4105 0.00041400000918656588
4129 0.00044800000614486635
4153 0.00042900000698864460
4177 0.00043399998685345054
4201 0.00042900000698864460
4225 0.00043200000072829425
4249 0.00043300000834278762
4273 0.00043899999582208693
4297 0.00044400000479072332
4321 0.00044800000614486635
4345 0.00044500001240521669
4369 0.00044699999853037298
4393 0.00047500000800937414
4417 0.00046099998871795833
4441 0.00045600000885315239
4465 0.00045500000123865902
4489 0.00046899999142624438
4513 0.00047900000936351717
4537 0.00046999999904073775
4561 0.00046700000530108809
4585 0.00048700001207180321
4609 0.00050999998347833753
4633 0.00050099997315555811
4657 0.00047800000174902380
4681 0.00048300001071766019
4705 0.00050000002374872565
4729 0.00049800000851973891
4753 0.00050700001884251833
4777 0.00052699999650940299
4801 0.00052599998889490962
4825 0.00049900001613423228
4849 0.00049900001613423228
4873 0.00050899997586384416
4897 0.00051799998618662357
4921 0.00051500002155080438
4945 0.00052100000903010368
4969 0.00051500002155080438
4993 0.00052100000903010368
