500 0.00020799999765586107969284057617187500000000000000
1000 0.00081699999282136559486389160156250000000000000000
1500 0.00182300002779811620712280273437500000000000000000
2000 0.00294300005771219730377197265625000000000000000000
2500 0.00516499998047947883605957031250000000000000000000
3000 0.00723099987953901290893554687500000000000000000000
3500 0.01016599964350461959838867187500000000000000000000
4000 0.01159300003200769424438476562500000000000000000000
4500 0.01502200029790401458740234375000000000000000000000
5000 0.02022299915552139282226562500000000000000000000000
5500 0.02326799929141998291015625000000000000000000000000
6000 0.02779100090265274047851562500000000000000000000000
6500 0.03172900155186653137207031250000000000000000000000
7000 0.03783899918198585510253906250000000000000000000000
7500 0.04069399833679199218750000000000000000000000000000
8000 0.04552499949932098388671875000000000000000000000000
8500 0.05250599980354309082031250000000000000000000000000
9000 0.05928099900484085083007812500000000000000000000000
9500 0.06531500071287155151367187500000000000000000000000
10000 0.07588700205087661743164062500000000000000000000000
10500 0.08411200344562530517578125000000000000000000000000
11000 0.08819600194692611694335937500000000000000000000000
11500 0.10072500258684158325195312500000000000000000000000
12000 0.10572899878025054931640625000000000000000000000000
12500 0.11637199670076370239257812500000000000000000000000
13000 0.12806199491024017333984375000000000000000000000000
13500 0.13796800374984741210937500000000000000000000000000
14000 0.14103500545024871826171875000000000000000000000000
14500 0.15270499885082244873046875000000000000000000000000
15000 0.16446800529956817626953125000000000000000000000000
15500 0.17752400040626525878906250000000000000000000000000
16000 0.19774000346660614013671875000000000000000000000000
16500 0.19961600005626678466796875000000000000000000000000
17000 0.20923499763011932373046875000000000000000000000000
17500 0.22831499576568603515625000000000000000000000000000
18000 0.24583600461483001708984375000000000000000000000000
18500 0.26493799686431884765625000000000000000000000000000
19000 0.26361900568008422851562500000000000000000000000000
19500 0.27632999420166015625000000000000000000000000000000
20000 0.29078799486160278320312500000000000000000000000000
20500 0.30913698673248291015625000000000000000000000000000
21000 0.32198199629783630371093750000000000000000000000000
21500 0.33782398700714111328125000000000000000000000000000
22000 0.37752801179885864257812500000000000000000000000000
22500 0.37163200974464416503906250000000000000000000000000
23000 0.38647198677062988281250000000000000000000000000000
23500 0.40432199835777282714843750000000000000000000000000
24000 0.43975600600242614746093750000000000000000000000000
24500 0.44283699989318847656250000000000000000000000000000
25000 0.46076101064682006835937500000000000000000000000000
25500 0.47977200150489807128906250000000000000000000000000
26000 0.51649200916290283203125000000000000000000000000000
26500 0.55039799213409423828125000000000000000000000000000
27000 0.53261202573776245117187500000000000000000000000000
27500 0.55753099918365478515625000000000000000000000000000
28000 0.61251997947692871093750000000000000000000000000000
28500 0.59890598058700561523437500000000000000000000000000
29000 0.62077099084854125976562500000000000000000000000000
29500 0.66721099615097045898437500000000000000000000000000
30000 0.68583798408508300781250000000000000000000000000000
30500 0.67823302745819091796875000000000000000000000000000
31000 0.71973097324371337890625000000000000000000000000000
31500 0.72971302270889282226562500000000000000000000000000
32000 0.77485197782516479492187500000000000000000000000000
32500 0.77174502611160278320312500000000000000000000000000
33000 0.78911197185516357421875000000000000000000000000000
33500 0.82294398546218872070312500000000000000000000000000
34000 0.86008197069168090820312500000000000000000000000000
34500 0.88864499330520629882812500000000000000000000000000
35000 0.90476697683334350585937500000000000000000000000000
35500 0.93040502071380615234375000000000000000000000000000
36000 0.96555197238922119140625000000000000000000000000000
36500 0.98916500806808471679687500000000000000000000000000
37000 1.00369203090667724609375000000000000000000000000000
37500 1.05038297176361083984375000000000000000000000000000
38000 1.07169997692108154296875000000000000000000000000000
38500 1.09383702278137207031250000000000000000000000000000
39000 1.10759103298187255859375000000000000000000000000000
39500 1.14956700801849365234375000000000000000000000000000
40000 1.19029998779296875000000000000000000000000000000000
40500 1.26822102069854736328125000000000000000000000000000
41000 1.25986504554748535156250000000000000000000000000000
41500 1.25681102275848388671875000000000000000000000000000
42000 1.32520294189453125000000000000000000000000000000000
42500 1.33460903167724609375000000000000000000000000000000
43000 1.36611294746398925781250000000000000000000000000000
43500 1.38325095176696777343750000000000000000000000000000
44000 1.46525001525878906250000000000000000000000000000000
44500 1.46186304092407226562500000000000000000000000000000
45000 1.49728500843048095703125000000000000000000000000000
45500 1.54087102413177490234375000000000000000000000000000
46000 1.56249403953552246093750000000000000000000000000000
46500 1.63411998748779296875000000000000000000000000000000
47000 1.63434505462646484375000000000000000000000000000000
47500 1.64818799495697021484375000000000000000000000000000
48000 1.72813594341278076171875000000000000000000000000000
48500 1.74715399742126464843750000000000000000000000000000
49000 1.74865603446960449218750000000000000000000000000000
49500 1.79608500003814697265625000000000000000000000000000
50000 1.84684002399444580078125000000000000000000000000000
50500 1.88159000873565673828125000000000000000000000000000
51000 1.91329598426818847656250000000000000000000000000000
51500 1.92754399776458740234375000000000000000000000000000
52000 2.04107999801635742187500000000000000000000000000000
52500 2.03466296195983886718750000000000000000000000000000
53000 2.06395792961120605468750000000000000000000000000000
53500 2.11331605911254882812500000000000000000000000000000
54000 2.17177891731262207031250000000000000000000000000000
54500 2.23282504081726074218750000000000000000000000000000
55000 2.22963309288024902343750000000000000000000000000000
55500 2.26255297660827636718750000000000000000000000000000
56000 2.34982299804687500000000000000000000000000000000000
56500 2.39292788505554199218750000000000000000000000000000
57000 2.41505503654479980468750000000000000000000000000000
57500 2.46514511108398437500000000000000000000000000000000
58000 2.51977396011352539062500000000000000000000000000000
58500 2.60553693771362304687500000000000000000000000000000
59000 2.65971493721008300781250000000000000000000000000000
59500 2.61621809005737304687500000000000000000000000000000
60000 2.67841291427612304687500000000000000000000000000000
60500 2.75799894332885742187500000000000000000000000000000
61000 2.78383898735046386718750000000000000000000000000000
61500 2.86073994636535644531250000000000000000000000000000
62000 2.88602089881896972656250000000000000000000000000000
62500 2.83843398094177246093750000000000000000000000000000
63000 2.90527510643005371093750000000000000000000000000000
63500 2.93911504745483398437500000000000000000000000000000
64000 3.08469390869140625000000000000000000000000000000000
64500 3.08253502845764160156250000000000000000000000000000
65000 3.18465590476989746093750000000000000000000000000000
65500 3.15848302841186523437500000000000000000000000000000
66000 3.27592492103576660156250000000000000000000000000000
66500 3.27784609794616699218750000000000000000000000000000
67000 3.32954502105712890625000000000000000000000000000000
67500 3.38117694854736328125000000000000000000000000000000
68000 3.44869899749755859375000000000000000000000000000000
68500 3.49570989608764648437500000000000000000000000000000
69000 3.51668190956115722656250000000000000000000000000000
69500 3.62489604949951171875000000000000000000000000000000
70000 3.66778492927551269531250000000000000000000000000000
70500 3.70622611045837402343750000000000000000000000000000
71000 3.77249908447265625000000000000000000000000000000000
71500 3.84511899948120117187500000000000000000000000000000
72000 3.85698103904724121093750000000000000000000000000000
72500 3.89660310745239257812500000000000000000000000000000
73000 4.00616979598999023437500000000000000000000000000000
73500 3.96234893798828125000000000000000000000000000000000
74000 4.13237094879150390625000000000000000000000000000000
74500 4.15259981155395507812500000000000000000000000000000
75000 4.18648386001586914062500000000000000000000000000000
75500 4.25465488433837890625000000000000000000000000000000
76000 4.30885601043701171875000000000000000000000000000000
76500 4.36638784408569335937500000000000000000000000000000
77000 4.46752405166625976562500000000000000000000000000000
77500 4.45566892623901367187500000000000000000000000000000
78000 4.55347919464111328125000000000000000000000000000000
78500 4.61617517471313476562500000000000000000000000000000
79000 4.65848016738891601562500000000000000000000000000000
79500 4.71062517166137695312500000000000000000000000000000
80000 4.82405805587768554687500000000000000000000000000000
80500 4.79988813400268554687500000000000000000000000000000
81000 4.89167976379394531250000000000000000000000000000000
81500 4.92182588577270507812500000000000000000000000000000
82000 5.06609821319580078125000000000000000000000000000000
82500 5.01388502120971679687500000000000000000000000000000
83000 5.01238584518432617187500000000000000000000000000000
83500 5.07298517227172851562500000000000000000000000000000
84000 5.18599605560302734375000000000000000000000000000000
84500 5.24793720245361328125000000000000000000000000000000
85000 5.24779081344604492187500000000000000000000000000000
85500 5.32553291320800781250000000000000000000000000000000
86000 5.45032119750976562500000000000000000000000000000000
86500 5.49266386032104492187500000000000000000000000000000
87000 5.51053476333618164062500000000000000000000000000000
87500 5.57998895645141601562500000000000000000000000000000
88000 5.69980716705322265625000000000000000000000000000000
88500 5.99733209609985351562500000000000000000000000000000
89000 5.92562198638916015625000000000000000000000000000000
89500 5.86373376846313476562500000000000000000000000000000
90000 6.14774703979492187500000000000000000000000000000000
90500 6.11050605773925781250000000000000000000000000000000
91000 6.23027086257934570312500000000000000000000000000000
91500 6.14787006378173828125000000000000000000000000000000
92000 6.24331998825073242187500000000000000000000000000000
92500 6.32848882675170898437500000000000000000000000000000
93000 6.43019390106201171875000000000000000000000000000000
93500 6.38623094558715820312500000000000000000000000000000
94000 6.36736583709716796875000000000000000000000000000000
94500 6.29409503936767578125000000000000000000000000000000
95000 6.35850286483764648437500000000000000000000000000000
95500 6.56293010711669921875000000000000000000000000000000
96000 6.76329994201660156250000000000000000000000000000000
96500 6.77923583984375000000000000000000000000000000000000
97000 6.71059417724609375000000000000000000000000000000000
97500 6.60973882675170898437500000000000000000000000000000
98000 6.83624315261840820312500000000000000000000000000000
98500 6.82943105697631835937500000000000000000000000000000
99000 7.02416419982910156250000000000000000000000000000000
99500 7.13780498504638671875000000000000000000000000000000
100000 7.40416002273559570312500000000000000000000000000000
